rec-time,UTC,Acceleration,Lateral acceleration,Gas pedal position,Brake pedal force,Gear,Steering wheel position,Velocity,Lateral velocity,Vertical velocity,X axis position,Y axis position,Z axis position
00:00:00.042,1572935469471,0.0,0.0,0.983,116.171,3.0,-0.08199999999999999,0.0,0.0,0.0,0.0,0.0,-0.527
00:00:00.043,1572935469472,0.0,0.0,0.983,116.171,3.0,-0.08199999999999999,0.0,0.0,0.0,0.0,0.0,-0.527
00:00:00.044,1572935469473,0.0,0.0,0.983,116.171,3.0,-0.08199999999999999,0.0,0.0,0.0,0.0,0.0,-0.527
00:00:00.092,1572935469521,0.0,0.0,0.983,116.171,3.0,-0.08199999999999999,0.0,0.0,0.0,0.0,0.0,-0.527
00:00:00.093,1572935469522,0.0,0.0,0.983,116.171,3.0,-0.08199999999999999,0.0,0.0,0.0,0.0,0.0,-0.527
00:00:00.094,1572935469523,0.0,0.0,0.983,116.171,3.0,-0.08199999999999999,0.0,0.0,0.0,0.0,0.0,-0.527
00:00:00.142,1572935469571,0.0,0.0,0.983,116.171,3.0,-0.08199999999999999,0.0,0.0,0.0,0.0,0.0,-0.527
00:00:00.143,1572935469572,0.0,0.0,0.983,116.171,3.0,-0.08199999999999999,0.0,0.0,0.0,0.0,0.0,-0.527
00:00:00.144,1572935469573,0.0,0.0,0.983,116.171,3.0,-0.08199999999999999,0.0,0.0,0.0,0.0,0.0,-0.527
00:00:00.193,1572935469622,0.0,0.0,0.983,116.171,3.0,-0.08199999999999999,0.0,0.0,0.0,0.0,0.0,-0.527
00:00:00.194,1572935469623,0.0,0.0,0.983,114.547,3.0,-0.08199999999999999,0.0,0.0,0.0,0.0,0.0,-0.527
00:00:00.195,1572935469624,0.0,0.0,0.983,114.547,3.0,-0.08199999999999999,0.0,0.0,0.0,0.0,0.0,-0.527
00:00:00.246,1572935469675,0.0,0.0,0.983,114.547,3.0,-0.08199999999999999,0.0,0.0,0.0,0.0,0.0,-0.527
00:00:00.247,1572935469676,0.0,0.0,0.983,114.547,3.0,-0.08199999999999999,0.0,0.0,0.0,0.0,0.0,-0.527
00:00:00.248,1572935469677,0.0,0.0,0.983,114.547,3.0,-0.08199999999999999,0.0,0.0,0.0,0.0,0.0,-0.527
00:00:00.249,1572935469678,0.0,0.0,0.983,114.547,3.0,-0.08199999999999999,0.0,0.0,0.0,0.0,0.0,-0.527
00:00:00.296,1572935469725,0.0,0.0,0.983,95.992,3.0,-0.08199999999999999,0.0,0.0,0.0,0.0,0.0,-0.527
00:00:00.297,1572935469726,0.0,0.0,0.983,95.992,3.0,-0.08199999999999999,0.0,0.0,0.0,0.0,0.0,-0.527
00:00:00.298,1572935469727,0.0,0.0,0.983,95.992,3.0,-0.08199999999999999,0.0,0.0,0.0,0.0,0.0,-0.527
00:00:00.347,1572935469776,0.0,0.0,0.983,95.992,3.0,-0.08199999999999999,0.0,0.0,0.0,0.0,0.0,-0.527
00:00:00.348,1572935469777,0.0,0.0,0.983,95.992,3.0,-0.08199999999999999,0.0,0.0,0.0,0.0,0.0,-0.527
00:00:00.349,1572935469778,0.0,0.0,0.983,95.992,3.0,-0.08199999999999999,0.0,0.0,0.0,0.0,0.0,-0.527
00:00:00.398,1572935469827,0.0,0.0,0.983,54.938,3.0,-0.08199999999999999,0.0,0.0,0.0,0.0,0.0,-0.527
00:00:00.399,1572935469828,0.0,0.0,0.983,54.938,3.0,-0.08199999999999999,0.0,0.0,0.0,0.0,0.0,-0.527
00:00:00.400,1572935469829,0.0,0.0,0.983,54.938,3.0,-0.08199999999999999,0.0,0.0,0.0,0.0,0.0,-0.527
00:00:00.448,1572935469877,0.0,0.0,0.983,54.938,3.0,-0.08199999999999999,0.0,0.0,0.0,0.0,0.0,-0.527
00:00:00.449,1572935469878,0.0,0.0,0.983,54.938,3.0,-0.08199999999999999,0.0,0.0,0.0,0.0,0.0,-0.527
00:00:00.450,1572935469879,0.0,0.0,0.983,54.938,3.0,-0.08199999999999999,0.0,0.0,0.0,0.0,0.0,-0.527
00:00:00.498,1572935469927,0.0,0.0,0.983,33.368,3.0,-0.08199999999999999,0.0,0.0,0.0,0.0,0.0,-0.527
00:00:00.499,1572935469928,0.0,0.0,0.983,33.368,3.0,-0.08199999999999999,0.0,0.0,0.0,0.0,0.0,-0.527
00:00:00.500,1572935469929,0.0,0.0,0.983,33.368,3.0,-0.08199999999999999,0.0,0.0,0.0,0.0,0.0,-0.527
00:00:00.549,1572935469978,0.0,0.0,0.983,33.368,3.0,-0.08199999999999999,0.0,0.0,0.0,0.0,0.0,-0.527
00:00:00.550,1572935469979,0.0,0.0,0.983,33.368,3.0,-0.08199999999999999,0.0,0.0,0.0,0.0,0.0,-0.527
00:00:00.551,1572935469980,0.0,0.0,0.983,33.368,3.0,-0.08199999999999999,0.0,0.0,0.0,0.0,0.0,-0.527
00:00:00.599,1572935470028,0.0,0.0,0.983,21.771,3.0,-0.08199999999999999,0.0,0.0,0.0,0.0,0.0,-0.527
00:00:00.600,1572935470029,0.0,0.0,0.983,21.771,3.0,-0.08199999999999999,0.0,0.0,0.0,0.0,0.0,-0.527
00:00:00.601,1572935470030,0.0,0.0,0.983,21.771,3.0,-0.08199999999999999,0.0,0.0,0.0,0.0,0.0,-0.527
00:00:00.649,1572935470078,0.0,0.0,0.983,21.771,3.0,-0.08199999999999999,0.0,0.0,0.0,0.0,0.0,-0.527
00:00:00.650,1572935470079,0.0,0.0,0.983,21.771,3.0,-0.08199999999999999,0.0,0.0,0.0,0.0,0.0,-0.527
00:00:00.651,1572935470080,0.0,0.0,0.983,21.771,3.0,-0.08199999999999999,0.0,0.0,0.0,0.0,0.0,-0.527
00:00:00.699,1572935470128,-0.02,0.0,0.983,10.174,3.0,-0.08199999999999999,-0.001,0.0,-0.001,0.0,0.0,-0.527
00:00:00.700,1572935470129,-0.011,-0.001,0.983,10.174,3.0,-0.08199999999999999,-0.001,0.0,-0.002,0.0,0.0,-0.527
00:00:00.701,1572935470130,0.001,0.0,0.983,10.174,3.0,-0.08199999999999999,0.0,0.0,-0.003,-0.001,0.0,-0.527
00:00:00.750,1572935470179,0.008,0.0,0.983,10.174,3.0,-0.08199999999999999,0.0,0.0,-0.005,-0.001,0.0,-0.527
00:00:00.751,1572935470180,0.014,0.0,0.983,10.174,3.0,-0.08199999999999999,0.0,0.0,-0.006,-0.001,0.0,-0.527
00:00:00.752,1572935470181,0.017,0.0,0.983,10.174,3.0,-0.08199999999999999,0.001,0.0,-0.006999999999999999,-0.001,0.0,-0.527
00:00:00.801,1572935470230,0.069,0.0,0.983,6.462999999999999,3.0,-0.08199999999999999,0.003,0.0,-0.008,0.0,0.0,-0.527
00:00:00.802,1572935470231,0.214,0.0,0.983,6.462999999999999,3.0,-0.08199999999999999,0.009000000000000001,0.0,-0.011,0.0,0.0,-0.527
00:00:00.803,1572935470232,0.264,-0.001,0.983,6.462999999999999,3.0,-0.08199999999999999,0.013,0.0,-0.013,0.0,0.0,-0.528
00:00:00.851,1572935470280,0.271,-0.001,0.983,6.462999999999999,3.0,-0.08199999999999999,0.018000000000000002,0.0,-0.015,0.0,0.0,-0.528
00:00:00.852,1572935470281,0.271,-0.001,0.983,6.462999999999999,3.0,-0.08199999999999999,0.022,0.0,-0.016,0.0,0.0,-0.528
00:00:00.853,1572935470282,0.268,-0.001,0.983,6.462999999999999,3.0,-0.08199999999999999,0.027000000000000003,0.0,-0.017,0.001,0.0,-0.528
00:00:00.901,1572935470330,0.076,-0.001,0.983,5.535,3.0,-0.08199999999999999,0.024,0.0,-0.018000000000000002,0.001,0.0,-0.529
00:00:00.902,1572935470331,-0.03,-0.001,0.983,5.535,3.0,-0.08199999999999999,0.024,0.0,-0.019,0.002,0.0,-0.529
00:00:00.903,1572935470332,-0.053,0.0,0.983,5.535,3.0,-0.08199999999999999,0.022,0.0,-0.019,0.002,0.0,-0.529
00:00:00.952,1572935470381,-0.054000000000000006,0.0,0.983,5.535,3.0,-0.08199999999999999,0.021,0.0,-0.019,0.002,0.0,-0.53
00:00:00.953,1572935470382,-0.051,0.0,0.983,5.535,3.0,-0.08199999999999999,0.021,0.0,-0.019,0.003,0.0,-0.53
00:00:00.954,1572935470383,-0.045,0.0,0.983,5.535,3.0,-0.08199999999999999,0.02,0.0,-0.019,0.003,0.0,-0.53
00:00:01.005,1572935470434,-0.061,0.001,0.983,2.2880000000000003,3.0,-0.08199999999999999,0.019,0.0,-0.017,0.003,0.0,-0.53
00:00:01.006,1572935470435,-0.031,0.0,0.983,2.2880000000000003,3.0,-0.08199999999999999,0.019,0.0,-0.016,0.004,0.0,-0.531
00:00:01.007,1572935470436,-0.022,0.001,0.983,2.2880000000000003,3.0,-0.08199999999999999,0.018000000000000002,0.0,-0.015,0.004,0.0,-0.531
00:00:01.052,1572935470481,-0.022,0.0,0.983,2.2880000000000003,3.0,-0.08199999999999999,0.019,0.0,-0.014,0.004,0.0,-0.531
00:00:01.053,1572935470482,0.185,0.0,0.983,2.2880000000000003,3.0,-0.08199999999999999,0.025,0.0,-0.012,0.005,0.0,-0.531
00:00:01.054,1572935470483,0.276,-0.001,0.983,2.2880000000000003,3.0,-0.08199999999999999,0.03,0.0,-0.01,0.005,0.0,-0.532
00:00:01.102,1572935470531,0.32,-0.001,0.983,1.128,3.0,-0.08199999999999999,0.036000000000000004,0.0,-0.009000000000000001,0.006,0.0,-0.532
00:00:01.103,1572935470532,0.359,-0.001,0.983,1.128,3.0,-0.08199999999999999,0.043,0.0,-0.006999999999999999,0.006,0.0,-0.532
00:00:01.104,1572935470533,0.385,-0.001,0.983,1.128,3.0,-0.08199999999999999,0.049,0.0,-0.005,0.006999999999999999,0.0,-0.532
00:00:01.153,1572935470582,0.402,-0.001,0.983,1.128,3.0,-0.08199999999999999,0.056,0.0,-0.004,0.008,0.0,-0.532
00:00:01.154,1572935470583,0.415,-0.001,0.983,1.128,3.0,-0.081,0.064,0.0,-0.002,0.009000000000000001,0.0,-0.532
00:00:01.155,1572935470584,0.426,-0.001,0.983,1.128,3.0,-0.08,0.07,0.0,-0.001,0.01,0.0,-0.532
00:00:01.204,1572935470633,0.4370000000000001,-0.001,0.983,0.664,3.0,-0.079,0.078,0.0,0.0,0.011,0.0,-0.532
00:00:01.205,1572935470634,0.451,-0.001,0.983,0.664,3.0,-0.078,0.086,0.0,0.001,0.013,0.0,-0.532
00:00:01.206,1572935470635,0.462,-0.001,0.983,0.664,3.0,-0.077,0.093,0.0,0.002,0.014,0.0,-0.532
00:00:01.255,1572935470684,0.472,-0.001,0.983,0.664,3.0,-0.076,0.101,0.0,0.002,0.016,0.0,-0.532
00:00:01.256,1572935470685,0.481,-0.001,0.983,0.664,3.0,-0.075,0.11,0.0,0.003,0.018000000000000002,0.0,-0.532
00:00:01.257,1572935470686,0.489,-0.001,0.983,0.664,3.0,-0.07400000000000001,0.118,0.0,0.003,0.02,0.0,-0.532
00:00:01.305,1572935470734,0.4970000000000001,-0.001,0.983,0.664,3.0,-0.073,0.126,0.0,0.004,0.022,0.0,-0.532
00:00:01.306,1572935470735,0.504,-0.001,0.983,0.664,3.0,-0.07200000000000001,0.135,0.0,0.004,0.024,0.0,-0.532
00:00:01.307,1572935470736,0.511,-0.001,0.983,0.664,3.0,-0.071,0.14300000000000002,0.0,0.004,0.026,0.0,-0.532
00:00:01.355,1572935470784,0.517,-0.001,0.983,0.664,3.0,-0.071,0.152,0.0,0.004,0.028,0.0,-0.532
00:00:01.356,1572935470785,0.523,-0.001,0.983,0.664,3.0,-0.07,0.161,0.0,0.004,0.031,0.0,-0.532
00:00:01.357,1572935470786,0.528,0.0,0.983,0.664,3.0,-0.069,0.17,0.0,0.004,0.034,0.0,-0.532
00:00:01.417,1572935470846,0.532,0.0,0.983,1.128,3.0,-0.067,0.179,0.0,0.004,0.037000000000000005,0.0,-0.532
00:00:01.418,1572935470847,0.532,0.001,0.983,1.128,3.0,-0.065,0.188,0.0,0.003,0.04,0.0,-0.532
00:00:01.419,1572935470848,0.5329999999999999,0.001,0.983,1.128,3.0,-0.063,0.196,0.0,0.003,0.043,0.0,-0.532
00:00:01.420,1572935470849,0.536,0.001,0.983,1.128,3.0,-0.062,0.206,0.0,0.003,0.047,0.0,-0.531
00:00:01.468,1572935470897,0.539,0.001,0.983,1.128,3.0,-0.06,0.214,0.0,0.003,0.05,0.0,-0.531
00:00:01.469,1572935470898,0.542,0.001,0.983,1.128,3.0,-0.058,0.223,0.0,0.002,0.054000000000000006,0.0,-0.531
00:00:01.470,1572935470899,0.545,0.001,2.595,0.664,3.0,-0.056,0.233,0.0,0.002,0.057,0.0,-0.531
00:00:01.519,1572935470948,0.557,0.002,2.595,0.664,3.0,-0.054000000000000006,0.243,0.0,0.002,0.062,0.0,-0.531
00:00:01.520,1572935470949,0.579,0.002,2.595,0.664,3.0,-0.051,0.252,0.0,0.002,0.065,0.0,-0.531
00:00:01.521,1572935470950,0.612,0.003,2.595,0.664,3.0,-0.048,0.263,0.0,0.002,0.07,0.0,-0.531
00:00:01.570,1572935470999,0.654,0.003,2.595,0.664,3.0,-0.045,0.274,0.0,0.001,0.07400000000000001,0.0,-0.531
00:00:01.571,1572935471000,0.7,0.003,2.595,0.664,3.0,-0.042,0.287,0.0,0.001,0.079,0.0,-0.531
00:00:01.572,1572935471001,0.745,0.004,2.815,0.664,3.0,-0.039,0.3,0.0,0.001,0.084,0.0,-0.531
00:00:01.620,1572935471049,0.7879999999999999,0.004,2.815,0.664,3.0,-0.036000000000000004,0.313,0.0,0.001,0.08900000000000001,0.0,-0.531
00:00:01.621,1572935471050,0.8270000000000001,0.004,2.815,0.664,3.0,-0.033,0.328,0.0,0.002,0.094,0.0,-0.531
00:00:01.622,1572935471051,0.863,0.003,2.815,0.664,3.0,-0.03,0.343,0.0,0.002,0.1,0.0,-0.531
00:00:01.671,1572935471100,0.889,0.003,2.815,0.664,3.0,-0.028,0.358,0.0,0.002,0.106,0.0,-0.531
00:00:01.672,1572935471101,0.911,0.002,2.815,0.664,3.0,-0.026,0.373,0.0,0.002,0.112,0.0,-0.531
00:00:01.673,1572935471102,0.927,0.002,3.767,0.664,3.0,-0.024,0.389,0.0,0.002,0.118,0.0,-0.531
00:00:01.721,1572935471150,0.942,0.002,3.767,0.664,3.0,-0.022,0.405,0.0,0.003,0.125,0.0,-0.531
00:00:01.722,1572935471151,0.963,0.002,3.767,0.664,3.0,-0.02,0.421,0.0,0.003,0.131,0.0,-0.531
00:00:01.723,1572935471152,0.99,0.002,3.767,0.664,3.0,-0.018000000000000002,0.438,0.0,0.003,0.139,0.0,-0.531
00:00:01.771,1572935471200,1.019,0.002,3.767,0.664,3.0,-0.017,0.456,0.0,0.003,0.147,0.0,-0.531
00:00:01.772,1572935471201,1.043,0.002,3.767,0.664,3.0,-0.015,0.473,0.0,0.003,0.154,0.0,-0.531
00:00:01.773,1572935471202,1.065,0.002,1.276,0.664,3.0,-0.014,0.491,0.001,0.004,0.162,0.0,-0.531
00:00:01.821,1572935471250,1.068,0.002,1.276,0.664,3.0,-0.012,0.509,0.001,0.004,0.17,0.0,-0.531
00:00:01.822,1572935471251,1.04,0.002,1.276,0.664,3.0,-0.01,0.526,0.001,0.004,0.179,0.0,-0.531
00:00:01.823,1572935471252,0.988,0.002,1.276,0.664,3.0,-0.009000000000000001,0.541,0.001,0.004,0.188,0.0,-0.531
00:00:01.872,1572935471301,0.922,0.002,1.276,0.664,3.0,-0.006999999999999999,0.557,0.001,0.003,0.197,0.0,-0.531
00:00:01.873,1572935471302,0.865,0.002,1.276,0.664,3.0,-0.006,0.569,0.001,0.003,0.206,0.0,-0.531
00:00:01.874,1572935471303,0.81,0.002,0.983,1.128,3.0,-0.005,0.5820000000000001,0.001,0.003,0.21600000000000005,0.0,-0.531
00:00:01.923,1572935471352,0.758,0.002,0.983,1.128,3.0,-0.003,0.594,0.001,0.002,0.226,0.0,-0.531
00:00:01.924,1572935471353,0.7140000000000001,0.002,0.983,1.128,3.0,-0.002,0.605,0.001,0.002,0.236,0.0,-0.531
00:00:01.925,1572935471354,0.677,0.002,0.983,1.128,3.0,-0.001,0.616,0.001,0.001,0.246,0.0,-0.531
00:00:01.973,1572935471402,0.6459999999999999,0.003,0.983,1.128,3.0,0.001,0.627,0.001,0.001,0.256,0.0,-0.531
00:00:01.974,1572935471403,0.62,0.003,0.983,1.128,3.0,0.002,0.637,0.001,0.001,0.267,0.0,-0.531
00:00:01.975,1572935471404,0.6,0.003,8.601,0.664,3.0,0.004,0.647,0.001,0.001,0.278,0.0,-0.531
00:00:02.024,1572935471453,0.622,0.004,8.601,0.664,3.0,0.006,0.657,0.001,0.001,0.28800000000000003,0.0,-0.531
00:00:02.025,1572935471454,0.726,0.004,8.601,0.664,3.0,0.008,0.672,0.001,0.002,0.299,0.0,-0.531
00:00:02.026,1572935471455,0.917,0.004,8.601,0.664,3.0,0.009000000000000001,0.69,0.001,0.002,0.311,0.0,-0.531
00:00:02.073,1572935471502,1.182,0.004,8.601,0.664,3.0,0.011,0.715,0.001,0.003,0.32299999999999995,0.0,-0.531
00:00:02.074,1572935471503,1.435,0.004,8.601,0.664,3.0,0.012,0.741,0.001,0.004,0.334,0.0,-0.531
00:00:02.075,1572935471504,1.6909999999999998,0.004,10.652,0.664,3.0,0.013,0.772,0.001,0.005,0.34700000000000003,0.0,-0.531
00:00:02.124,1572935471553,1.934,0.004,10.652,0.664,3.0,0.015,0.81,0.001,0.006999999999999999,0.361,0.0,-0.531
00:00:02.125,1572935471554,2.131,0.004,10.652,0.664,3.0,0.016,0.846,0.001,0.008,0.374,0.0,-0.531
00:00:02.126,1572935471555,2.317,0.005,10.652,0.664,3.0,0.017,0.887,0.001,0.01,0.388,0.0,-0.531
00:00:02.174,1572935471603,2.468,0.006,10.652,0.664,3.0,0.018000000000000002,0.93,0.002,0.012,0.404,0.0,-0.531
00:00:02.175,1572935471604,2.583,0.006,10.652,0.664,3.0,0.019,0.977,0.002,0.014,0.42,0.0,-0.53
00:00:02.176,1572935471605,2.65,0.006,10.798,0.664,3.0,0.02,1.022,0.002,0.016,0.4370000000000001,0.0,-0.53
00:00:02.224,1572935471653,2.685,0.006999999999999999,10.798,0.664,3.0,0.021,1.064,0.002,0.018000000000000002,0.453,0.0,-0.53
00:00:02.225,1572935471654,2.701,0.006999999999999999,10.798,0.664,3.0,0.022,1.109,0.002,0.02,0.471,0.0,-0.53
00:00:02.226,1572935471655,2.7,0.006999999999999999,10.798,0.664,3.0,0.023,1.154,0.002,0.022,0.49,0.0,-0.53
00:00:02.277,1572935471706,2.69,0.006999999999999999,10.798,0.664,3.0,0.024,1.2009999999999998,0.002,0.023,0.511,0.0,-0.53
00:00:02.278,1572935471707,2.676,0.006999999999999999,10.798,0.664,3.0,0.025,1.243,0.002,0.024,0.53,0.001,-0.529
00:00:02.279,1572935471708,2.66,0.008,14.973,0.664,3.0,0.026,1.287,0.002,0.025,0.551,0.001,-0.529
00:00:02.280,1572935471709,2.665,0.008,14.973,0.664,3.0,0.027000000000000003,1.332,0.002,0.026,0.573,0.001,-0.529
00:00:02.328,1572935471757,2.725,0.009000000000000001,14.973,0.664,3.0,0.028,1.381,0.003,0.027000000000000003,0.597,0.001,-0.529
00:00:02.329,1572935471758,2.822,0.009000000000000001,14.973,0.664,3.0,0.029,1.43,0.003,0.027000000000000003,0.621,0.001,-0.529
00:00:02.330,1572935471759,2.927,0.01,14.973,0.664,3.0,0.03,1.477,0.003,0.028,0.643,0.001,-0.529
00:00:02.378,1572935471807,3.033,0.01,14.973,0.664,3.0,0.031,1.529,0.003,0.028,0.6679999999999999,0.001,-0.528
00:00:02.379,1572935471808,3.123,0.01,18.489,0.664,3.0,0.031,1.585,0.003,0.029,0.696,0.001,-0.528
00:00:02.380,1572935471809,3.2060000000000004,0.01,18.489,0.664,3.0,0.032,1.64,0.003,0.029,0.723,0.001,-0.528
00:00:02.429,1572935471858,3.314,0.01,18.489,0.664,3.0,0.033,1.693,0.003,0.03,0.7490000000000001,0.001,-0.528
00:00:02.430,1572935471859,3.465,0.01,18.489,0.664,3.0,0.033,1.757,0.003,0.031,0.779,0.001,-0.528
00:00:02.431,1572935471860,3.61,0.01,18.489,0.664,3.0,0.034,1.819,0.004,0.032,0.809,0.001,-0.528
00:00:02.479,1572935471908,3.736,0.01,18.489,0.664,3.0,0.034,1.883,0.004,0.033,0.84,0.001,-0.528
00:00:02.480,1572935471909,3.83,0.009000000000000001,20.1,0.664,3.0,0.035,1.948,0.004,0.035,0.872,0.001,-0.528
00:00:02.481,1572935471910,3.897,0.009000000000000001,20.1,0.664,3.0,0.035,2.009,0.004,0.036000000000000004,0.903,0.001,-0.528
00:00:02.529,1572935471958,3.963,0.009000000000000001,20.1,0.664,3.0,0.035,2.076,0.004,0.038,0.937,0.001,-0.528
00:00:02.530,1572935471959,4.025,0.008,20.1,0.664,3.0,0.035,2.148,0.004,0.04,0.974,0.002,-0.528
00:00:02.531,1572935471960,4.067,0.008,20.1,0.664,3.0,0.036000000000000004,2.217,0.004,0.042,1.011,0.002,-0.528
00:00:02.579,1572935472008,4.088,0.008,20.1,0.664,3.0,0.036000000000000004,2.281,0.004,0.044,1.046,0.002,-0.528
00:00:02.580,1572935472009,4.089,0.008,21.126,0.664,3.0,0.036000000000000004,2.349,0.004,0.046,1.084,0.002,-0.528
00:00:02.581,1572935472010,4.072,0.008,21.126,0.664,3.0,0.037000000000000005,2.42,0.004,0.048,1.127,0.002,-0.528
00:00:02.635,1572935472064,4.044,0.009000000000000001,21.126,0.664,3.0,0.037000000000000005,2.487,0.004,0.05,1.168,0.002,-0.528
00:00:02.636,1572935472065,4.009,0.009000000000000001,21.126,0.664,3.0,0.037000000000000005,2.5540000000000003,0.004,0.052000000000000005,1.21,0.002,-0.529
00:00:02.637,1572935472066,3.969,0.009000000000000001,21.126,0.664,3.0,0.038,2.619,0.004,0.054000000000000006,1.253,0.002,-0.529
00:00:02.682,1572935472111,3.931,0.01,21.126,0.664,3.0,0.038,2.68,0.004,0.055,1.294,0.002,-0.529
00:00:02.683,1572935472112,3.889,0.01,21.272,0.664,3.0,0.038,2.748,0.004,0.057,1.342,0.003,-0.529
00:00:02.684,1572935472113,3.851,0.011,21.272,0.664,3.0,0.038,2.812,0.004,0.058,1.389,0.003,-0.529
00:00:02.733,1572935472162,3.817,0.012,21.272,0.664,3.0,0.039,2.875,0.005,0.059,1.436,0.003,-0.529
00:00:02.734,1572935472163,3.787,0.012,21.272,0.664,3.0,0.039,2.934,0.005,0.061,1.481,0.003,-0.529
00:00:02.735,1572935472164,3.754,0.013,21.272,0.664,3.0,0.039,3.0,0.005,0.062,1.534,0.003,-0.529
00:00:02.783,1572935472212,3.725,0.013,21.272,0.664,3.0,0.039,3.062,0.005,0.063,1.584,0.003,-0.529
00:00:02.784,1572935472213,3.695,0.013,22.44400000000001,0.664,3.0,0.039,3.123,0.005,0.065,1.636,0.003,-0.529
00:00:02.785,1572935472214,3.667,0.014,22.44400000000001,0.664,3.0,0.039,3.184,0.005,0.066,1.689,0.004,-0.53
00:00:02.834,1572935472263,3.64,0.014,22.44400000000001,0.664,3.0,0.039,3.244,0.005,0.068,1.742,0.004,-0.53
00:00:02.835,1572935472264,3.617,0.015,22.44400000000001,0.664,3.0,0.039,3.304,0.005,0.07,1.797,0.004,-0.53
00:00:02.836,1572935472265,3.595,0.015,22.44400000000001,0.664,3.0,0.039,3.364,0.005,0.071,1.852,0.004,-0.53
00:00:02.884,1572935472313,3.572,0.016,22.44400000000001,0.664,3.0,0.039,3.423,0.005,0.073,1.909,0.004,-0.53
00:00:02.885,1572935472314,3.548,0.016,23.103,0.664,3.0,0.039,3.482,0.005,0.075,1.966,0.004,-0.53
00:00:02.886,1572935472315,3.525,0.016,23.103,0.664,3.0,0.039,3.54,0.005,0.076,2.025,0.005,-0.53
00:00:02.934,1572935472363,3.504,0.016,23.103,0.664,3.0,0.039,3.5980000000000003,0.006,0.078,2.084,0.005,-0.53
00:00:02.935,1572935472364,3.484,0.016,23.103,0.664,3.0,0.038,3.656,0.006,0.079,2.145,0.005,-0.53
00:00:02.936,1572935472365,3.464,0.016,23.103,0.664,3.0,0.038,3.713,0.006,0.08,2.206,0.005,-0.53
00:00:02.984,1572935472413,3.443,0.016,23.103,0.664,3.0,0.038,3.771,0.006,0.081,2.269,0.005,-0.529
00:00:02.985,1572935472414,3.4210000000000003,0.017,24.495,0.664,3.0,0.038,3.827,0.006,0.08199999999999999,2.332,0.006,-0.529
00:00:02.986,1572935472415,3.402,0.017,24.495,0.664,3.0,0.038,3.884,0.006,0.083,2.396,0.006,-0.529
00:00:03.036,1572935472465,3.388,0.017,24.495,0.664,3.0,0.038,3.94,0.006,0.083,2.461,0.006,-0.529
00:00:03.037,1572935472466,3.378,0.018000000000000002,24.495,0.664,3.0,0.038,3.996,0.006,0.084,2.528,0.006,-0.529
00:00:03.038,1572935472467,3.3680000000000003,0.018000000000000002,24.495,0.664,3.0,0.038,4.052,0.006,0.084,2.595,0.006999999999999999,-0.529
00:00:03.085,1572935472514,3.355,0.019,24.495,0.664,3.0,0.038,4.1080000000000005,0.006,0.084,2.6630000000000003,0.006999999999999999,-0.529
00:00:03.086,1572935472515,3.339,0.019,25.154,0.664,3.0,0.038,4.163,0.006,0.084,2.732,0.006999999999999999,-0.529
00:00:03.087,1572935472516,3.322,0.02,25.154,0.664,3.0,0.038,4.2189999999999985,0.006,0.083,2.802,0.006999999999999999,-0.529
00:00:03.135,1572935472564,3.306,0.02,25.154,0.664,3.0,0.037000000000000005,4.274,0.006,0.083,2.872,0.008,-0.528
00:00:03.136,1572935472565,3.2910000000000004,0.02,25.154,0.664,3.0,0.037000000000000005,4.328,0.006,0.08199999999999999,2.944,0.008,-0.528
00:00:03.137,1572935472566,3.276,0.021,25.154,0.664,3.0,0.037000000000000005,4.383,0.006,0.08199999999999999,3.017,0.008,-0.528
00:00:03.186,1572935472615,3.259,0.021,25.154,0.664,3.0,0.037000000000000005,4.437,0.006,0.081,3.09,0.009000000000000001,-0.528
00:00:03.187,1572935472616,3.241,0.021,25.96,0.664,3.0,0.037000000000000005,4.49,0.006,0.08,3.165,0.009000000000000001,-0.528
00:00:03.188,1572935472617,3.224,0.021,25.96,0.664,3.0,0.037000000000000005,4.544,0.006999999999999999,0.08,3.24,0.009000000000000001,-0.528
00:00:03.236,1572935472665,3.2110000000000003,0.021,25.96,0.664,3.0,0.037000000000000005,4.597,0.006999999999999999,0.079,3.3160000000000003,0.01,-0.528
00:00:03.237,1572935472666,3.2,0.022,25.96,0.664,3.0,0.036000000000000004,4.651,0.006999999999999999,0.079,3.393,0.01,-0.528
00:00:03.238,1572935472667,3.189,0.022,25.96,0.664,3.0,0.036000000000000004,4.704,0.006999999999999999,0.078,3.471,0.01,-0.528
00:00:03.286,1572935472715,3.176,0.022,25.96,0.664,3.0,0.036000000000000004,4.756,0.006999999999999999,0.077,3.55,0.011,-0.528
00:00:03.287,1572935472716,3.16,0.023,26.985,1.128,3.0,0.036000000000000004,4.809,0.006999999999999999,0.077,3.63,0.011,-0.528
00:00:03.288,1572935472717,3.141,0.023,26.985,1.128,3.0,0.036000000000000004,4.8610000000000015,0.006999999999999999,0.077,3.71,0.011,-0.528
00:00:03.336,1572935472765,3.129,0.023,26.985,1.128,3.0,0.036000000000000004,4.913,0.006999999999999999,0.077,3.792,0.012,-0.528
00:00:03.337,1572935472766,3.122,0.024,26.985,1.128,3.0,0.035,4.965,0.006999999999999999,0.077,3.874,0.012,-0.528
00:00:03.338,1572935472767,3.114,0.024,26.985,1.128,3.0,0.035,5.017,0.006999999999999999,0.077,3.957,0.013,-0.528
00:00:03.387,1572935472816,3.102,0.024,26.985,1.128,3.0,0.035,5.0680000000000005,0.006999999999999999,0.077,4.041,0.013,-0.529
00:00:03.388,1572935472817,3.087,0.024,28.816,0.664,3.0,0.035,5.119,0.006999999999999999,0.077,4.126,0.013,-0.529
00:00:03.389,1572935472818,3.0810000000000004,0.024,28.816,0.664,3.0,0.035,5.171,0.006999999999999999,0.078,4.212,0.014,-0.529
00:00:03.437,1572935472866,3.084,0.024,28.816,0.664,3.0,0.034,5.222,0.006999999999999999,0.079,4.298,0.014,-0.529
00:00:03.438,1572935472867,3.093,0.024,28.816,0.664,3.0,0.034,5.274,0.006999999999999999,0.08,4.386,0.015,-0.529
00:00:03.439,1572935472868,3.102,0.024,28.816,0.664,3.0,0.034,5.3260000000000005,0.006999999999999999,0.08,4.474,0.015,-0.529
00:00:03.487,1572935472916,3.107,0.023,28.816,0.664,3.0,0.033,5.377999999999999,0.006999999999999999,0.08199999999999999,4.563,0.016,-0.529
00:00:03.488,1572935472917,3.1060000000000003,0.023,29.988000000000003,0.664,3.0,0.033,5.4289999999999985,0.006999999999999999,0.083,4.654,0.016,-0.529
00:00:03.489,1572935472918,3.103,0.022,29.988000000000003,0.664,3.0,0.032,5.481,0.006999999999999999,0.084,4.744,0.017,-0.529
00:00:03.538,1572935472967,3.105,0.021,29.988000000000003,0.664,3.0,0.032,5.533,0.006999999999999999,0.085,4.836,0.017,-0.529
00:00:03.539,1572935472968,3.109,0.02,29.988000000000003,0.664,3.0,0.031,5.585,0.006999999999999999,0.086,4.9289999999999985,0.018000000000000002,-0.53
00:00:03.540,1572935472969,3.112,0.018000000000000002,29.988000000000003,0.664,3.0,0.031,5.636,0.006999999999999999,0.08800000000000001,5.022,0.018000000000000002,-0.53
00:00:03.590,1572935473019,3.11,0.016,29.988000000000003,0.664,3.0,0.03,5.688,0.006,0.08900000000000001,5.117,0.019,-0.53
00:00:03.591,1572935473020,3.104,0.014,31.6,0.664,3.0,0.029,5.74,0.006,0.09,5.2120000000000015,0.019,-0.53
00:00:03.592,1572935473021,3.095,0.011,31.6,0.664,3.0,0.028,5.791,0.006,0.092,5.308,0.02,-0.53
00:00:03.640,1572935473069,3.087,0.008,31.6,0.664,3.0,0.028,5.843,0.006,0.093,5.405,0.02,-0.53
00:00:03.641,1572935473070,3.079,0.006,31.6,0.664,3.0,0.027000000000000003,5.894,0.005,0.094,5.502999999999999,0.021,-0.53
00:00:03.642,1572935473071,3.071,0.003,31.6,0.664,3.0,0.026,5.945,0.005,0.095,5.602,0.022,-0.53
00:00:03.690,1572935473119,3.0610000000000004,0.001,31.6,0.664,3.0,0.026,5.996,0.005,0.096,5.7010000000000005,0.022,-0.53
00:00:03.691,1572935473120,3.049,-0.001,31.81900000000001,0.664,3.0,0.026,6.046,0.004,0.097,5.8020000000000005,0.023,-0.53
00:00:03.692,1572935473121,3.036,-0.001,31.81900000000001,0.664,3.0,0.026,6.097,0.004,0.098,5.903,0.023,-0.53
00:00:03.741,1572935473170,3.023,-0.001,31.81900000000001,0.664,3.0,0.025,6.147,0.004,0.099,6.005,0.024,-0.53
00:00:03.742,1572935473171,3.009,-0.001,31.81900000000001,0.664,3.0,0.025,6.197,0.003,0.1,6.108,0.024,-0.53
00:00:03.743,1572935473172,2.995,0.001,31.81900000000001,0.664,3.0,0.025,6.247000000000001,0.003,0.101,6.211,0.025,-0.53
00:00:03.792,1572935473221,2.98,0.002,31.81900000000001,0.664,3.0,0.025,6.296,0.003,0.102,6.316,0.026,-0.53
00:00:03.793,1572935473222,2.965,0.004,31.966,0.664,3.0,0.025,6.345,0.003,0.103,6.421,0.026,-0.53
00:00:03.794,1572935473223,2.95,0.006,31.966,0.664,3.0,0.025,6.394,0.003,0.104,6.527,0.027000000000000003,-0.53
00:00:03.845,1572935473274,2.9360000000000004,0.008,31.966,0.664,3.0,0.024,6.443,0.003,0.104,6.634,0.027000000000000003,-0.53
00:00:03.846,1572935473275,2.922,0.01,31.966,0.664,3.0,0.024,6.492000000000001,0.003,0.105,6.742000000000001,0.028,-0.53
00:00:03.847,1572935473276,2.907,0.012,31.966,0.664,3.0,0.024,6.54,0.003,0.105,6.851,0.029,-0.53
00:00:03.893,1572935473322,2.893,0.013,31.966,0.664,3.0,0.023,6.587999999999999,0.003,0.106,6.96,0.029,-0.53
00:00:03.894,1572935473323,2.88,0.014,32.991,0.664,3.0,0.023,6.636,0.003,0.106,7.07,0.03,-0.53
00:00:03.895,1572935473324,2.8680000000000003,0.015,32.991,0.664,3.0,0.022,6.683,0.003,0.107,7.181,0.031,-0.53
00:00:03.896,1572935473325,2.86,0.015,32.991,0.664,3.0,0.021,6.731,0.003,0.107,7.292999999999997,0.031,-0.53
00:00:03.944,1572935473373,2.853,0.015,32.991,0.664,3.0,0.021,6.778,0.003,0.107,7.4060000000000015,0.032,-0.53
00:00:03.945,1572935473374,2.846,0.015,32.991,0.664,3.0,0.02,6.8260000000000005,0.003,0.108,7.519,0.033,-0.53
00:00:03.946,1572935473375,2.839,0.015,32.991,0.664,3.0,0.019,6.8729999999999976,0.003,0.108,7.632999999999999,0.033,-0.53
00:00:03.996,1572935473425,2.8310000000000004,0.015,33.65,0.664,3.0,0.019,6.92,0.003,0.108,7.747999999999997,0.034,-0.53
00:00:03.997,1572935473426,2.822,0.015,33.65,0.664,3.0,0.018000000000000002,6.9670000000000005,0.003,0.108,7.864,0.035,-0.53
00:00:03.998,1572935473427,2.814,0.015,33.65,0.664,3.0,0.018000000000000002,7.0139999999999985,0.003,0.108,7.981,0.035,-0.53
00:00:04.046,1572935473475,2.806,0.015,33.65,0.664,3.0,0.017,7.061,0.003,0.108,8.097999999999999,0.036000000000000004,-0.53
00:00:04.047,1572935473476,2.798,0.016,33.65,0.664,3.0,0.017,7.107,0.003,0.108,8.216000000000001,0.037000000000000005,-0.53
00:00:04.048,1572935473477,2.789,0.016,33.65,0.664,3.0,0.017,7.153,0.003,0.108,8.335,0.038,-0.53
00:00:04.098,1572935473527,2.779,0.017,33.65,0.664,3.0,0.016,7.2,0.003,0.107,8.454,0.038,-0.53
00:00:04.099,1572935473528,2.768,0.017,33.65,0.664,3.0,0.016,7.246,0.003,0.107,8.575,0.039,-0.53
00:00:04.100,1572935473529,2.752,0.018000000000000002,33.65,0.664,3.0,0.015,7.291,0.003,0.107,8.696,0.04,-0.53
00:00:04.147,1572935473576,2.733,0.018000000000000002,33.65,0.664,3.0,0.015,7.336,0.003,0.107,8.818,0.041,-0.529
00:00:04.148,1572935473577,2.716,0.018000000000000002,33.65,0.664,3.0,0.015,7.3820000000000014,0.003,0.107,8.941,0.041,-0.529
00:00:04.149,1572935473578,2.704,0.018000000000000002,33.65,0.664,3.0,0.015,7.427,0.003,0.106,9.064,0.042,-0.529
00:00:04.198,1572935473627,2.698,0.018000000000000002,33.65,0.664,3.0,0.014,7.471,0.003,0.106,9.188,0.043,-0.529
00:00:04.199,1572935473628,2.695,0.018000000000000002,33.65,0.664,3.0,0.014,7.516,0.003,0.106,9.313,0.044,-0.529
00:00:04.200,1572935473629,2.694,0.017,33.65,0.664,3.0,0.014,7.561,0.003,0.106,9.439,0.045,-0.529
00:00:04.248,1572935473677,2.693,0.017,33.65,0.664,3.0,0.013,7.606,0.003,0.106,9.565,0.046,-0.529
00:00:04.249,1572935473678,2.692,0.017,33.65,0.664,3.0,0.013,7.651,0.003,0.106,9.692,0.046,-0.529
00:00:04.250,1572935473679,2.69,0.016,33.65,0.664,3.0,0.013,7.6960000000000015,0.003,0.105,9.82,0.047,-0.53
00:00:04.299,1572935473728,2.688,0.016,33.65,0.664,3.0,0.012,7.741,0.003,0.106,9.949,0.048,-0.53
00:00:04.300,1572935473729,2.685,0.015,33.65,0.664,3.0,0.012,7.785,0.003,0.106,10.078,0.049,-0.53
00:00:04.301,1572935473730,2.682,0.015,33.65,0.664,3.0,0.012,7.83,0.003,0.106,10.208,0.05,-0.53
00:00:04.355,1572935473784,2.68,0.015,33.65,0.664,3.0,0.012,7.875,0.003,0.106,10.339,0.051,-0.53
00:00:04.356,1572935473785,2.677,0.014,33.65,0.664,3.0,0.011,7.919,0.003,0.106,10.470999999999998,0.052000000000000005,-0.53
00:00:04.357,1572935473786,2.675,0.014,33.65,0.664,3.0,0.011,7.963999999999999,0.003,0.106,10.603,0.053,-0.53
00:00:04.405,1572935473834,2.672,0.014,33.65,0.664,3.0,0.011,8.008,0.003,0.107,10.736,0.053,-0.53
00:00:04.406,1572935473835,2.6710000000000003,0.014,33.65,0.664,3.0,0.011,8.042,0.003,0.107,10.837,0.054000000000000006,-0.53
00:00:04.407,1572935473836,2.668,0.014,33.65,0.664,3.0,0.01,8.086,0.003,0.108,10.970999999999998,0.055,-0.53
00:00:04.455,1572935473884,2.6660000000000004,0.014,33.65,0.664,3.0,0.01,8.13,0.003,0.108,11.106,0.056,-0.53
00:00:04.456,1572935473885,2.664,0.015,33.65,0.664,3.0,0.01,8.175,0.003,0.109,11.242,0.057,-0.53
00:00:04.457,1572935473886,2.662,0.015,33.65,0.664,3.0,0.01,8.219,0.003,0.109,11.379,0.058,-0.53
00:00:04.506,1572935473935,2.659,0.015,33.65,0.664,3.0,0.01,8.263,0.003,0.11,11.515999999999998,0.059,-0.53
00:00:04.507,1572935473936,2.657,0.015,33.65,0.664,3.0,0.009000000000000001,8.308,0.003,0.111,11.654000000000002,0.06,-0.53
00:00:04.508,1572935473937,2.655,0.015,33.65,0.664,3.0,0.009000000000000001,8.352,0.003,0.112,11.793,0.061,-0.53
00:00:04.560,1572935473989,2.653,0.015,33.65,0.664,3.0,0.009000000000000001,8.396,0.002,0.112,11.933,0.062,-0.53
00:00:04.561,1572935473990,2.651,0.015,33.65,0.664,3.0,0.009000000000000001,8.44,0.002,0.113,12.073,0.063,-0.53
00:00:04.562,1572935473991,2.65,0.015,33.65,0.664,3.0,0.008,8.484,0.002,0.114,12.214,0.064,-0.53
00:00:04.608,1572935474037,2.649,0.015,33.65,0.664,3.0,0.008,8.527999999999999,0.002,0.114,12.356,0.065,-0.53
00:00:04.609,1572935474038,2.648,0.015,33.65,0.664,3.0,0.008,8.573,0.002,0.115,12.498,0.066,-0.53
00:00:04.610,1572935474039,2.647,0.015,33.65,0.664,3.0,0.008,8.617,0.002,0.116,12.640999999999998,0.067,-0.53
00:00:04.663,1572935474092,2.6460000000000004,0.016,33.65,0.664,3.0,0.008,8.661,0.002,0.117,12.785,0.068,-0.53
00:00:04.664,1572935474093,2.644,0.016,33.65,0.664,3.0,0.006999999999999999,8.705,0.002,0.117,12.93,0.069,-0.53
00:00:04.665,1572935474094,2.636,0.016,33.65,0.664,3.0,0.006999999999999999,8.749,0.002,0.118,13.076,0.07,-0.53
00:00:04.709,1572935474138,2.6260000000000003,0.015,33.797,0.664,3.0,0.006999999999999999,8.792,0.002,0.119,13.222,0.071,-0.53
00:00:04.710,1572935474139,2.6180000000000003,0.015,33.797,0.664,3.0,0.006999999999999999,8.836,0.002,0.119,13.369000000000002,0.07200000000000001,-0.53
00:00:04.711,1572935474140,2.616,0.014,33.797,0.664,3.0,0.006,8.879,0.002,0.12,13.515999999999998,0.073,-0.53
00:00:04.760,1572935474189,2.616,0.012,33.797,0.664,3.0,0.006,8.923,0.002,0.12,13.665,0.075,-0.53
00:00:04.761,1572935474190,2.617,0.009000000000000001,33.797,0.664,3.0,0.005,8.967,0.002,0.121,13.814,0.076,-0.53
00:00:04.762,1572935474191,2.617,0.005,33.797,0.664,3.0,0.004,9.01,0.002,0.122,13.964,0.077,-0.53
00:00:04.763,1572935474192,2.615,0.001,33.797,0.664,3.0,0.004,9.054,0.001,0.122,14.114,0.078,-0.53
00:00:04.814,1572935474243,2.613,-0.004,33.797,0.664,3.0,0.003,9.097,0.001,0.123,14.265,0.079,-0.53
00:00:04.815,1572935474244,2.611,-0.009000000000000001,33.797,0.664,3.0,0.003,9.141,0.001,0.123,14.417,0.08,-0.53
00:00:04.816,1572935474245,2.608,-0.014,33.797,0.664,3.0,0.002,9.184,0.0,0.124,14.57,0.081,-0.53
00:00:04.865,1572935474294,2.605,-0.018000000000000002,33.797,0.664,3.0,0.002,9.228,0.0,0.124,14.724,0.08199999999999999,-0.53
00:00:04.866,1572935474295,2.602,-0.022,33.797,0.664,3.0,0.002,9.271,-0.001,0.125,14.878,0.084,-0.53
00:00:04.867,1572935474296,2.5980000000000003,-0.025,33.797,0.664,3.0,0.002,9.314,-0.001,0.125,15.033,0.085,-0.53
00:00:04.916,1572935474345,2.595,-0.027000000000000003,33.797,0.664,3.0,0.002,9.357,-0.001,0.126,15.188,0.086,-0.53
00:00:04.917,1572935474346,2.592,-0.027000000000000003,33.797,0.664,3.0,0.003,9.401,-0.002,0.126,15.345,0.087,-0.53
00:00:04.918,1572935474347,2.589,-0.027000000000000003,33.797,0.664,3.0,0.003,9.444,-0.002,0.126,15.502,0.08800000000000001,-0.53
00:00:04.976,1572935474405,2.587,-0.027000000000000003,33.797,0.664,3.0,0.003,9.476,-0.002,0.127,15.62,0.08900000000000001,-0.53
00:00:04.977,1572935474406,2.584,-0.026,33.797,0.664,3.0,0.003,9.519,-0.002,0.127,15.778,0.09,-0.53
00:00:04.978,1572935474407,2.5810000000000004,-0.025,33.943000000000005,0.664,3.0,0.004,9.562,-0.002,0.127,15.937,0.091,-0.53
00:00:05.027,1572935474456,2.577,-0.024,33.943000000000005,0.664,3.0,0.004,9.608,-0.002,0.128,16.107,0.092,-0.53
00:00:05.028,1572935474457,2.575,-0.024,33.943000000000005,0.664,3.0,0.004,9.648,-0.002,0.128,16.257,0.093,-0.53
00:00:05.029,1572935474458,2.573,-0.024,33.943000000000005,0.664,3.0,0.004,9.691,-0.002,0.128,16.418,0.094,-0.53
00:00:05.030,1572935474459,2.571,-0.025,33.943000000000005,0.664,3.0,0.003,9.733,-0.002,0.129,16.58,0.096,-0.53
00:00:05.078,1572935474507,2.568,-0.025,33.943000000000005,0.664,3.0,0.003,9.776,-0.002,0.129,16.743,0.097,-0.53
00:00:05.079,1572935474508,2.565,-0.026,34.163000000000004,0.664,3.0,0.003,9.819,-0.002,0.129,16.906,0.098,-0.53
00:00:05.080,1572935474509,2.562,-0.027000000000000003,34.163000000000004,0.664,3.0,0.003,9.862,-0.002,0.129,17.07,0.099,-0.53
00:00:05.128,1572935474557,2.56,-0.028,34.163000000000004,0.664,3.0,0.003,9.904,-0.002,0.13,17.235,0.1,-0.53
00:00:05.129,1572935474558,2.5580000000000003,-0.029,34.163000000000004,0.664,3.0,0.003,9.947,-0.003,0.13,17.4,0.101,-0.53
00:00:05.130,1572935474559,2.557,-0.029,34.163000000000004,0.664,3.0,0.003,9.989,-0.003,0.13,17.567,0.102,-0.53
00:00:05.178,1572935474607,2.555,-0.03,34.163000000000004,0.664,3.0,0.003,10.032,-0.003,0.131,17.733,0.103,-0.53
00:00:05.179,1572935474608,2.552,-0.03,34.31,0.664,3.0,0.003,10.074,-0.003,0.131,17.901,0.104,-0.53
00:00:05.180,1572935474609,2.549,-0.03,34.31,0.664,3.0,0.002,10.117,-0.003,0.131,18.069000000000006,0.105,-0.53
00:00:05.228,1572935474657,2.546,-0.029,34.31,0.664,3.0,0.002,10.159,-0.003,0.131,18.238,0.107,-0.53
00:00:05.229,1572935474658,2.544,-0.029,34.31,0.664,3.0,0.002,10.202,-0.003,0.132,18.408,0.108,-0.53
00:00:05.230,1572935474659,2.542,-0.028,34.31,0.664,3.0,0.002,10.244000000000002,-0.003,0.132,18.578,0.109,-0.53
00:00:05.278,1572935474707,2.54,-0.028,34.31,0.664,3.0,0.002,10.286,-0.003,0.132,18.749,0.11,-0.53
00:00:05.279,1572935474708,2.537,-0.027000000000000003,34.456,0.664,3.0,0.002,10.329,-0.003,0.133,18.921,0.111,-0.53
00:00:05.280,1572935474709,2.535,-0.027000000000000003,34.456,0.664,3.0,0.002,10.371,-0.003,0.133,19.094,0.112,-0.53
00:00:05.329,1572935474758,2.532,-0.027000000000000003,34.456,0.664,3.0,0.002,10.413,-0.003,0.134,19.267,0.113,-0.53
00:00:05.330,1572935474759,2.556,-0.027000000000000003,34.456,0.664,3.0,0.002,10.456,-0.003,0.134,19.441,0.114,-0.53
00:00:05.331,1572935474760,2.702,-0.027000000000000003,34.456,0.664,3.0,0.002,10.504,-0.003,0.135,19.616,0.115,-0.53
00:00:05.379,1572935474808,2.887,-0.027000000000000003,34.456,0.664,3.0,0.002,10.555,-0.003,0.13699999999999998,19.791,0.116,-0.53
00:00:05.380,1572935474809,2.986,-0.028,34.969,0.664,3.0,0.001,10.605,-0.003,0.139,19.967,0.117,-0.53
00:00:05.381,1572935474810,2.9730000000000003,-0.028,34.969,0.664,3.0,0.001,10.651,-0.003,0.141,20.133,0.118,-0.53
00:00:05.430,1572935474859,2.878,-0.029,34.969,0.664,3.0,0.001,10.697,-0.003,0.14300000000000002,20.311,0.119,-0.53
00:00:05.431,1572935474860,2.749,-0.03,34.969,0.664,3.0,0.001,10.741,-0.003,0.146,20.49,0.12,-0.53
00:00:05.432,1572935474861,2.622,-0.032,34.969,0.664,3.0,0.001,10.783,-0.003,0.147,20.669,0.121,-0.53
00:00:05.480,1572935474909,2.517,-0.033,34.969,0.664,3.0,0.001,10.823,-0.003,0.149,20.849,0.122,-0.53
00:00:05.481,1572935474910,2.438,-0.035,34.969,0.664,3.0,0.001,10.863,-0.003,0.149,21.03,0.123,-0.53
00:00:05.482,1572935474911,2.376,-0.036000000000000004,35.335,0.664,3.0,0.001,10.902,-0.003,0.15,21.212,0.124,-0.53
00:00:05.531,1572935474960,2.325,-0.038,35.335,0.664,3.0,0.001,10.94,-0.003,0.15,21.394,0.125,-0.53
00:00:05.532,1572935474961,2.279,-0.039,35.335,0.664,3.0,0.001,10.977,-0.003,0.149,21.576,0.126,-0.53
00:00:05.533,1572935474962,2.234,-0.041,35.335,0.664,3.0,0.001,11.014,-0.003,0.14800000000000002,21.76,0.127,-0.53
00:00:05.581,1572935475010,2.188,-0.042,35.335,0.664,3.0,0.001,11.05,-0.003,0.14800000000000002,21.943,0.128,-0.53
00:00:05.582,1572935475011,2.143,-0.043,35.335,0.664,3.0,0.001,11.085,-0.003,0.146,22.128,0.129,-0.53
00:00:05.583,1572935475012,2.099,-0.043,35.335,0.664,3.0,0.001,11.119000000000002,-0.003,0.145,22.313,0.13,-0.53
00:00:05.632,1572935475061,2.06,-0.044,35.335,0.664,3.0,0.001,11.153,-0.004,0.14400000000000002,22.499,0.131,-0.53
00:00:05.633,1572935475062,2.025,-0.044,35.335,0.664,3.0,0.001,11.187,-0.004,0.142,22.685,0.132,-0.53
00:00:05.634,1572935475063,1.993,-0.045,35.335,0.664,3.0,0.001,11.219,-0.004,0.14,22.871,0.133,-0.53
00:00:05.683,1572935475112,1.964,-0.045,35.335,0.664,3.0,0.002,11.252,-0.004,0.138,23.059,0.134,-0.53
00:00:05.684,1572935475113,1.935,-0.045,35.335,0.664,3.0,0.002,11.284,-0.004,0.136,23.247,0.135,-0.53
00:00:05.685,1572935475114,1.906,-0.045,35.482,0.664,3.0,0.002,11.315,-0.004,0.134,23.435,0.136,-0.53
00:00:05.734,1572935475163,1.878,-0.045,35.482,0.664,3.0,0.002,11.345999999999998,-0.004,0.132,23.624,0.13699999999999998,-0.53
00:00:05.735,1572935475164,1.854,-0.046,35.482,0.664,3.0,0.002,11.377,-0.003,0.129,23.813,0.138,-0.53
00:00:05.736,1572935475165,1.832,-0.046,35.482,0.664,3.0,0.002,11.409,-0.003,0.126,24.015,0.139,-0.53
00:00:05.784,1572935475213,1.816,-0.046,35.482,0.664,3.0,0.002,11.437,-0.003,0.124,24.193,0.139,-0.53
00:00:05.785,1572935475214,1.8,-0.046,35.335,0.664,3.0,0.002,11.469,-0.003,0.121,24.396,0.14,-0.53
00:00:05.786,1572935475215,1.787,-0.046,35.335,0.664,3.0,0.002,11.497,-0.003,0.118,24.576,0.141,-0.53
00:00:05.835,1572935475264,1.775,-0.046,35.335,0.664,3.0,0.003,11.526,-0.003,0.115,24.767,0.142,-0.53
00:00:05.836,1572935475265,1.763,-0.045,35.335,0.664,3.0,0.003,11.555,-0.003,0.112,24.96,0.14300000000000002,-0.53
00:00:05.837,1572935475266,1.7519999999999998,-0.045,35.335,0.664,3.0,0.003,11.584,-0.003,0.109,25.153,0.14400000000000002,-0.53
00:00:05.885,1572935475314,1.741,-0.044,35.335,0.664,3.0,0.003,11.613,-0.003,0.106,25.346,0.145,-0.53
00:00:05.886,1572935475315,1.73,-0.044,35.335,1.128,3.0,0.003,11.642,-0.003,0.103,25.54,0.145,-0.529
00:00:05.887,1572935475316,1.716,-0.044,35.335,1.128,3.0,0.003,11.67,-0.003,0.1,25.734,0.146,-0.529
00:00:05.935,1572935475364,1.7009999999999998,-0.044,35.335,1.128,3.0,0.003,11.698,-0.003,0.097,25.929,0.147,-0.529
00:00:05.936,1572935475365,1.6880000000000002,-0.044,35.335,1.128,3.0,0.003,11.728,-0.003,0.094,26.136,0.14800000000000002,-0.529
00:00:05.937,1572935475366,1.6780000000000002,-0.044,35.335,1.128,3.0,0.003,11.755999999999998,-0.003,0.092,26.332,0.14800000000000002,-0.529
00:00:05.986,1572935475415,1.67,-0.044,35.335,1.128,3.0,0.003,11.782,-0.003,0.09,26.516,0.149,-0.529
00:00:05.987,1572935475416,1.662,-0.044,35.335,0.664,3.0,0.004,11.81,-0.003,0.087,26.712,0.15,-0.529
00:00:05.988,1572935475417,1.6569999999999998,-0.044,35.482,0.664,3.0,0.004,11.839,-0.003,0.085,26.922,0.151,-0.529
00:00:06.037,1572935475466,1.655,-0.044,35.482,0.664,3.0,0.004,11.865,-0.003,0.083,27.107,0.151,-0.529
00:00:06.038,1572935475467,1.651,-0.044,35.482,0.664,3.0,0.004,11.892,-0.003,0.08199999999999999,27.305,0.152,-0.529
00:00:06.039,1572935475468,1.646,-0.044,35.482,0.664,3.0,0.004,11.92,-0.003,0.08,27.503,0.153,-0.53
00:00:06.087,1572935475516,1.639,-0.044,35.482,0.664,3.0,0.004,11.949000000000002,-0.003,0.079,27.715,0.153,-0.53
00:00:06.088,1572935475517,1.634,-0.044,35.482,0.664,3.0,0.004,11.974,-0.003,0.078,27.902,0.154,-0.53
00:00:06.089,1572935475518,1.628,-0.044,35.482,0.664,3.0,0.004,12.001,-0.003,0.078,28.101,0.155,-0.53
00:00:06.145,1572935475574,1.622,-0.044,35.482,0.664,3.0,0.004,12.028,-0.003,0.077,28.302,0.155,-0.53
00:00:06.146,1572935475575,1.617,-0.044,35.482,0.664,3.0,0.004,12.055,-0.003,0.077,28.502,0.156,-0.53
00:00:06.147,1572935475576,1.612,-0.044,35.482,0.664,3.0,0.004,12.082,-0.003,0.077,28.704,0.157,-0.53
00:00:06.188,1572935475617,1.607,-0.044,35.482,0.664,3.0,0.004,12.108,-0.003,0.078,28.905,0.157,-0.53
00:00:06.189,1572935475618,1.602,-0.043,35.482,0.664,3.0,0.004,12.135,-0.003,0.078,29.107,0.158,-0.53
00:00:06.190,1572935475619,1.597,-0.043,35.628,0.664,3.0,0.004,12.162,-0.003,0.079,29.31,0.159,-0.531
00:00:06.238,1572935475667,1.5930000000000002,-0.043,35.628,0.664,3.0,0.005,12.188,-0.003,0.079,29.513,0.159,-0.531
00:00:06.239,1572935475668,1.589,-0.043,35.628,0.664,3.0,0.005,12.215,-0.003,0.08,29.716,0.16,-0.531
00:00:06.240,1572935475669,1.586,-0.043,35.628,0.664,3.0,0.005,12.241,-0.002,0.081,29.92,0.16,-0.531
00:00:06.288,1572935475717,1.582,-0.043,35.628,0.664,3.0,0.005,12.267,-0.002,0.08199999999999999,30.124,0.161,-0.531
00:00:06.289,1572935475718,1.578,-0.043,35.482,0.664,3.0,0.005,12.295,-0.002,0.083,30.341,0.161,-0.531
00:00:06.290,1572935475719,1.575,-0.043,35.482,0.664,3.0,0.005,12.32,-0.002,0.083,30.534,0.162,-0.531
00:00:06.338,1572935475767,1.571,-0.043,35.482,0.664,3.0,0.005,12.345999999999998,-0.002,0.084,30.739,0.162,-0.531
00:00:06.339,1572935475768,1.567,-0.043,35.482,0.664,3.0,0.005,12.372,-0.002,0.085,30.945,0.163,-0.531
00:00:06.340,1572935475769,1.5630000000000002,-0.043,35.482,0.664,3.0,0.005,12.4,-0.002,0.086,31.165,0.16399999999999998,-0.531
00:00:06.395,1572935475824,1.56,-0.044,35.482,0.664,3.0,0.005,12.424,-0.002,0.086,31.358,0.16399999999999998,-0.531
00:00:06.396,1572935475825,1.556,-0.044,35.628,0.664,3.0,0.005,12.451,-0.002,0.087,31.579,0.16399999999999998,-0.531
00:00:06.397,1572935475826,1.5530000000000002,-0.044,35.628,0.664,3.0,0.005,12.476,-0.002,0.08800000000000001,31.773000000000003,0.165,-0.532
00:00:06.398,1572935475827,1.55,-0.044,35.628,0.664,3.0,0.005,12.501,-0.002,0.08800000000000001,31.982,0.165,-0.532
00:00:06.447,1572935475876,1.547,-0.044,35.628,0.664,3.0,0.006,12.527,-0.002,0.08900000000000001,32.19,0.166,-0.532
00:00:06.448,1572935475877,1.545,-0.044,35.628,0.664,3.0,0.006,12.553,-0.002,0.08900000000000001,32.399,0.166,-0.532
00:00:06.449,1572935475878,1.5419999999999998,-0.044,35.628,0.664,3.0,0.006,12.578,-0.002,0.08900000000000001,32.609,0.16699999999999998,-0.532
00:00:06.496,1572935475925,1.54,-0.044,35.628,0.664,3.0,0.006,12.604,-0.002,0.09,32.819,0.16699999999999998,-0.532
00:00:06.497,1572935475926,1.537,-0.044,35.628,0.664,3.0,0.006,12.630999999999998,-0.002,0.09,33.042,0.168,-0.532
00:00:06.498,1572935475927,1.535,-0.044,35.628,0.664,3.0,0.006,12.655,-0.002,0.09,33.24,0.168,-0.532
00:00:06.546,1572935475975,1.5319999999999998,-0.044,35.628,0.664,3.0,0.006,12.681,-0.002,0.09,33.451,0.168,-0.532
00:00:06.547,1572935475976,1.529,-0.044,35.628,0.664,3.0,0.006,12.708,-0.002,0.09,33.675,0.16899999999999998,-0.532
00:00:06.548,1572935475977,1.527,-0.044,35.628,0.664,3.0,0.006,12.733,-0.002,0.09,33.887,0.16899999999999998,-0.532
00:00:06.597,1572935476026,1.524,-0.044,35.628,0.664,3.0,0.006,12.757,-0.002,0.09,34.087,0.16899999999999998,-0.532
00:00:06.598,1572935476027,1.5219999999999998,-0.044,35.628,0.664,3.0,0.006,12.782,-0.002,0.09,34.299,0.17,-0.532
00:00:06.599,1572935476028,1.519,-0.044,35.628,0.664,3.0,0.006,12.809,-0.002,0.09,34.526,0.17,-0.532
00:00:06.647,1572935476076,1.516,-0.044,35.628,0.664,3.0,0.006,12.834,-0.002,0.09,34.74,0.17,-0.532
00:00:06.648,1572935476077,1.514,-0.044,35.628,0.664,3.0,0.006,12.858,-0.002,0.09,34.94,0.171,-0.532
00:00:06.649,1572935476078,1.5119999999999998,-0.044,35.628,0.664,3.0,0.006,12.883,-0.002,0.09,35.155,0.171,-0.531
00:00:06.697,1572935476126,1.509,-0.044,35.628,0.664,3.0,0.006999999999999999,12.908,-0.002,0.08900000000000001,35.37,0.171,-0.531
00:00:06.698,1572935476127,1.507,-0.044,35.628,0.664,3.0,0.006999999999999999,12.935,-0.002,0.08900000000000001,35.59900000000001,0.171,-0.531
00:00:06.699,1572935476128,1.505,-0.044,35.628,0.664,3.0,0.006999999999999999,12.958,-0.002,0.08900000000000001,35.801,0.172,-0.531
00:00:06.748,1572935476177,1.5019999999999998,-0.044,35.628,0.664,3.0,0.006999999999999999,12.985,-0.002,0.08900000000000001,36.031,0.172,-0.531
00:00:06.749,1572935476178,1.5,-0.044,35.628,0.664,3.0,0.006999999999999999,13.008,-0.002,0.08800000000000001,36.234,0.172,-0.531
00:00:06.750,1572935476179,1.4980000000000002,-0.045,35.628,0.664,3.0,0.006999999999999999,13.035,-0.002,0.08800000000000001,36.464,0.172,-0.531
00:00:06.799,1572935476228,1.496,-0.045,35.775,0.664,3.0,0.006999999999999999,13.06,-0.002,0.08800000000000001,36.682,0.173,-0.531
00:00:06.800,1572935476229,1.494,-0.045,35.775,0.664,3.0,0.006999999999999999,13.085,-0.002,0.087,36.9,0.173,-0.531
00:00:06.801,1572935476230,1.492,-0.045,35.775,0.664,3.0,0.006999999999999999,13.108,-0.002,0.087,37.104,0.173,-0.531
00:00:06.850,1572935476279,1.49,-0.045,35.775,0.664,3.0,0.006999999999999999,13.133,-0.002,0.086,37.323,0.173,-0.531
00:00:06.851,1572935476280,1.4880000000000002,-0.045,35.775,0.664,3.0,0.006999999999999999,13.158,-0.002,0.086,37.542,0.173,-0.531
00:00:06.852,1572935476281,1.486,-0.045,35.775,0.664,3.0,0.006999999999999999,13.184,-0.002,0.086,37.775,0.173,-0.531
00:00:06.901,1572935476330,1.484,-0.045,35.775,0.664,3.0,0.006999999999999999,13.207,-0.002,0.086,37.982,0.174,-0.531
00:00:06.902,1572935476331,1.482,-0.045,35.775,0.664,3.0,0.006999999999999999,13.233,-0.002,0.085,38.216,0.174,-0.531
00:00:06.903,1572935476332,1.48,-0.045,35.775,0.664,3.0,0.006999999999999999,13.255999999999998,-0.002,0.085,38.423,0.174,-0.531
00:00:06.950,1572935476379,1.4780000000000002,-0.045,35.775,0.664,3.0,0.006999999999999999,13.283,-0.002,0.085,38.658,0.174,-0.531
00:00:06.951,1572935476380,1.476,-0.045,35.775,0.664,3.0,0.006999999999999999,13.307,-0.002,0.085,38.879,0.174,-0.531
00:00:06.952,1572935476381,1.473,-0.045,35.775,0.664,3.0,0.008,13.33,-0.002,0.085,39.087,0.174,-0.531
00:00:07.010,1572935476439,1.47,-0.045,35.775,0.664,3.0,0.008,13.356,-0.002,0.085,39.324,0.174,-0.531
00:00:07.011,1572935476440,1.466,-0.045,35.775,0.664,3.0,0.008,13.38,-0.002,0.085,39.546,0.174,-0.531
00:00:07.012,1572935476441,1.463,-0.045,35.775,0.664,3.0,0.008,13.405,-0.002,0.085,39.77,0.174,-0.531
00:00:07.013,1572935476442,1.461,-0.045,35.775,0.664,3.0,0.008,13.428,-0.002,0.085,39.979,0.174,-0.531
00:00:07.061,1572935476490,1.46,-0.045,35.775,0.664,3.0,0.008,13.453,-0.002,0.085,40.217,0.174,-0.531
00:00:07.062,1572935476491,1.459,-0.045,35.775,0.664,3.0,0.008,13.476,-0.002,0.085,40.428,0.174,-0.531
00:00:07.063,1572935476492,1.4580000000000002,-0.045,35.775,0.664,3.0,0.008,13.502,-0.002,0.085,40.667,0.174,-0.531
00:00:07.111,1572935476540,1.457,-0.046,35.775,0.664,3.0,0.008,13.526,-0.002,0.085,40.892,0.174,-0.531
00:00:07.112,1572935476541,1.456,-0.046,35.775,0.664,3.0,0.008,13.549,-0.002,0.085,41.103,0.174,-0.531
00:00:07.113,1572935476542,1.455,-0.046,35.775,0.664,3.0,0.008,13.575,-0.001,0.085,41.343,0.174,-0.531
00:00:07.162,1572935476591,1.453,-0.046,35.775,0.664,3.0,0.008,13.599,-0.001,0.085,41.57,0.174,-0.532
00:00:07.163,1572935476592,1.452,-0.046,35.775,0.664,3.0,0.008,13.622,-0.001,0.086,41.783,0.174,-0.532
00:00:07.164,1572935476593,1.4509999999999998,-0.046,35.775,0.664,3.0,0.008,13.647,-0.001,0.086,42.024,0.174,-0.532
00:00:07.213,1572935476642,1.449,-0.046,35.775,0.664,3.0,0.008,13.671,-0.001,0.086,42.252,0.174,-0.532
00:00:07.214,1572935476643,1.4480000000000002,-0.046,35.775,0.664,3.0,0.008,13.696,-0.001,0.086,42.48,0.174,-0.532
00:00:07.215,1572935476644,1.4480000000000002,-0.046,35.775,0.664,3.0,0.008,13.72,-0.001,0.086,42.708,0.174,-0.532
00:00:07.268,1572935476697,1.4469999999999998,-0.046,35.775,0.664,3.0,0.008,13.744000000000002,-0.001,0.087,42.937,0.173,-0.532
00:00:07.269,1572935476698,1.4469999999999998,-0.046,35.775,0.664,3.0,0.009000000000000001,13.765999999999998,-0.001,0.087,43.152,0.173,-0.532
00:00:07.270,1572935476699,1.446,-0.046,35.775,0.664,3.0,0.009000000000000001,13.792,-0.001,0.087,43.396,0.173,-0.532
00:00:07.313,1572935476742,1.445,-0.046,35.775,0.664,3.0,0.009000000000000001,13.816,-0.001,0.087,43.62600000000001,0.173,-0.532
00:00:07.314,1572935476743,1.445,-0.046,35.775,0.664,3.0,0.009000000000000001,13.84,-0.001,0.087,43.857,0.173,-0.532
00:00:07.315,1572935476744,1.444,-0.046,35.775,0.664,3.0,0.009000000000000001,13.864,-0.001,0.087,44.087,0.172,-0.532
00:00:07.363,1572935476792,1.444,-0.046,35.775,0.664,3.0,0.009000000000000001,13.888,-0.001,0.087,44.319,0.172,-0.532
00:00:07.364,1572935476793,1.443,-0.046,35.775,0.664,3.0,0.009000000000000001,13.912,-0.001,0.08800000000000001,44.55,0.172,-0.532
00:00:07.365,1572935476794,1.442,-0.046,35.775,0.664,3.0,0.009000000000000001,13.936,-0.001,0.08800000000000001,44.782,0.172,-0.532
00:00:07.418,1572935476847,1.442,-0.046,35.775,0.664,3.0,0.009000000000000001,13.96,-0.001,0.08800000000000001,45.015,0.172,-0.532
00:00:07.419,1572935476848,1.4409999999999998,-0.046,35.775,0.664,3.0,0.009000000000000001,13.984000000000002,-0.001,0.08800000000000001,45.24800000000001,0.171,-0.532
00:00:07.420,1572935476849,1.4409999999999998,-0.046,35.775,0.664,3.0,0.009000000000000001,14.008,-0.001,0.08800000000000001,45.481,0.171,-0.532
00:00:07.471,1572935476900,1.44,-0.046,35.775,0.664,3.0,0.009000000000000001,14.032,-0.001,0.08800000000000001,45.715,0.171,-0.532
00:00:07.472,1572935476901,1.44,-0.047,35.775,0.664,3.0,0.009000000000000001,14.056,-0.001,0.08800000000000001,45.949,0.17,-0.532
00:00:07.473,1572935476902,1.439,-0.047,35.775,0.664,3.0,0.009000000000000001,14.08,-0.001,0.08800000000000001,46.183,0.17,-0.532
00:00:07.522,1572935476951,1.4380000000000002,-0.047,35.775,0.664,3.0,0.009000000000000001,14.104,-0.001,0.08800000000000001,46.418,0.17,-0.532
00:00:07.523,1572935476952,1.4380000000000002,-0.047,35.775,0.664,3.0,0.009000000000000001,14.128,-0.001,0.08900000000000001,46.653,0.16899999999999998,-0.532
00:00:07.524,1572935476953,1.4369999999999998,-0.047,35.775,0.664,3.0,0.009000000000000001,14.152,-0.001,0.08900000000000001,46.889,0.16899999999999998,-0.532
00:00:07.573,1572935477002,1.4369999999999998,-0.047,35.775,0.664,3.0,0.009000000000000001,14.175999999999998,-0.001,0.08900000000000001,47.125,0.16899999999999998,-0.532
00:00:07.574,1572935477003,1.436,-0.047,35.775,0.664,3.0,0.009000000000000001,14.2,-0.001,0.08900000000000001,47.362,0.168,-0.532
00:00:07.575,1572935477004,1.436,-0.047,35.775,0.664,3.0,0.01,14.224,-0.001,0.08900000000000001,47.599,0.168,-0.532
00:00:07.640,1572935477069,1.435,-0.047,35.775,0.664,3.0,0.01,14.248,-0.001,0.08900000000000001,47.83600000000001,0.16699999999999998,-0.532
00:00:07.641,1572935477070,1.4340000000000002,-0.047,35.775,0.664,3.0,0.01,14.272,-0.001,0.08900000000000001,48.073,0.16699999999999998,-0.532
00:00:07.642,1572935477071,1.4340000000000002,-0.047,35.775,0.664,3.0,0.01,14.296,-0.001,0.08900000000000001,48.312,0.166,-0.532
00:00:07.643,1572935477072,1.433,-0.047,35.775,0.664,3.0,0.01,14.32,-0.001,0.08900000000000001,48.55,0.166,-0.532
00:00:07.684,1572935477113,1.433,-0.047,35.775,0.664,3.0,0.01,14.343,-0.001,0.08900000000000001,48.789,0.165,-0.532
00:00:07.685,1572935477114,1.432,-0.047,35.775,0.664,3.0,0.01,14.367,-0.001,0.08900000000000001,49.028,0.165,-0.532
00:00:07.686,1572935477115,1.432,-0.047,35.775,0.664,3.0,0.01,14.390999999999998,-0.001,0.08900000000000001,49.268,0.16399999999999998,-0.532
00:00:07.734,1572935477163,1.431,-0.047,35.775,0.664,3.0,0.01,14.415,-0.001,0.08900000000000001,49.508,0.16399999999999998,-0.532
00:00:07.735,1572935477164,1.431,-0.047,35.775,0.664,3.0,0.01,14.439,-0.001,0.08900000000000001,49.74800000000001,0.163,-0.532
00:00:07.736,1572935477165,1.43,-0.047,35.775,0.664,3.0,0.01,14.463,-0.001,0.09,49.989,0.163,-0.532
00:00:07.785,1572935477214,1.43,-0.047,35.775,0.664,3.0,0.01,14.486,-0.001,0.09,50.23,0.162,-0.532
00:00:07.786,1572935477215,1.429,-0.047,35.775,0.664,3.0,0.01,14.51,-0.001,0.09,50.472,0.162,-0.532
00:00:07.787,1572935477216,1.4280000000000002,-0.047,35.775,0.664,3.0,0.01,14.534,-0.001,0.09,50.714,0.161,-0.532
00:00:07.835,1572935477264,1.4280000000000002,-0.046,35.775,0.664,3.0,0.01,14.558,-0.001,0.09,50.957,0.161,-0.532
00:00:07.836,1572935477265,1.4269999999999998,-0.046,35.775,0.664,3.0,0.01,14.582,-0.001,0.09,51.199,0.16,-0.532
00:00:07.837,1572935477266,1.4269999999999998,-0.046,35.775,0.664,3.0,0.01,14.605,-0.001,0.09,51.44300000000001,0.159,-0.532
00:00:07.886,1572935477315,1.426,-0.045,35.775,0.664,3.0,0.01,14.629,-0.001,0.09,51.68600000000001,0.159,-0.532
00:00:07.887,1572935477316,1.426,-0.045,35.775,0.664,3.0,0.01,14.653,-0.001,0.09,51.93,0.158,-0.532
00:00:07.888,1572935477317,1.425,-0.044,35.775,0.664,3.0,0.01,14.675,-0.001,0.09,52.159,0.157,-0.532
00:00:07.937,1572935477366,1.425,-0.044,35.775,0.664,3.0,0.01,14.7,-0.001,0.09,52.419,0.157,-0.532
00:00:07.938,1572935477367,1.4240000000000002,-0.044,35.775,0.664,3.0,0.011,14.724,0.0,0.091,52.665,0.156,-0.532
00:00:07.939,1572935477368,1.4240000000000002,-0.043,35.775,0.664,3.0,0.011,14.748,0.0,0.091,52.91,0.155,-0.532
00:00:07.987,1572935477416,1.423,-0.043,35.775,0.664,3.0,0.011,14.772,0.0,0.091,53.15600000000001,0.154,-0.532
00:00:07.988,1572935477417,1.422,-0.043,35.775,0.664,3.0,0.011,14.795,0.0,0.091,53.403,0.154,-0.532
00:00:07.989,1572935477418,1.422,-0.043,35.775,0.664,3.0,0.011,14.819,0.0,0.091,53.649,0.153,-0.532
00:00:08.038,1572935477467,1.421,-0.043,35.775,0.664,3.0,0.011,14.843,0.0,0.091,53.897,0.152,-0.532
00:00:08.039,1572935477468,1.421,-0.043,35.775,0.664,3.0,0.011,14.866,0.0,0.091,54.144,0.151,-0.532
00:00:08.040,1572935477469,1.42,-0.043,35.775,0.664,3.0,0.011,14.89,0.0,0.091,54.392,0.151,-0.532
00:00:08.089,1572935477518,1.42,-0.043,35.775,0.664,3.0,0.011,14.914,0.0,0.091,54.64100000000001,0.15,-0.532
00:00:08.090,1572935477519,1.419,-0.043,35.994,0.664,3.0,0.011,14.937,0.0,0.092,54.889,0.149,-0.532
00:00:08.091,1572935477520,1.419,-0.043,35.994,0.664,3.0,0.011,14.961,0.0,0.092,55.13800000000001,0.14800000000000002,-0.532
00:00:08.139,1572935477568,1.418,-0.043,35.994,0.664,3.0,0.011,14.985,0.0,0.092,55.38800000000001,0.147,-0.532
00:00:08.140,1572935477569,1.418,-0.043,35.994,0.664,3.0,0.011,15.008,0.0,0.092,55.63800000000001,0.147,-0.532
00:00:08.141,1572935477570,1.418,-0.043,35.994,0.664,3.0,0.011,15.032,0.0,0.092,55.88800000000001,0.146,-0.532
00:00:08.190,1572935477619,1.419,-0.043,35.994,0.664,3.0,0.011,15.055,0.0,0.092,56.139,0.145,-0.532
00:00:08.191,1572935477620,1.418,-0.043,36.507,1.128,3.0,0.011,15.079,0.0,0.092,56.39,0.14400000000000002,-0.532
00:00:08.192,1572935477621,1.415,-0.043,36.507,1.128,3.0,0.011,15.103,0.0,0.092,56.642,0.14300000000000002,-0.532
00:00:08.244,1572935477673,1.41,-0.043,36.507,1.128,3.0,0.011,15.126,0.0,0.093,56.894,0.142,-0.532
00:00:08.245,1572935477674,1.408,-0.043,36.507,1.128,3.0,0.011,15.149,0.0,0.093,57.146,0.141,-0.532
00:00:08.246,1572935477675,1.408,-0.043,36.507,1.128,3.0,0.011,15.173,0.0,0.093,57.399,0.14,-0.532
00:00:08.293,1572935477722,1.408,-0.043,36.507,1.128,3.0,0.011,15.196,0.0,0.093,57.652,0.139,-0.532
00:00:08.294,1572935477723,1.408,-0.043,36.653,0.664,3.0,0.011,15.22,0.0,0.093,57.905,0.138,-0.532
00:00:08.295,1572935477724,1.411,-0.043,36.653,0.664,3.0,0.011,15.243,0.0,0.093,58.159,0.13699999999999998,-0.532
00:00:08.343,1572935477772,1.415,-0.043,36.653,0.664,3.0,0.011,15.267,0.0,0.093,58.413,0.136,-0.532
00:00:08.344,1572935477773,1.418,-0.043,36.653,0.664,3.0,0.011,15.291,0.0,0.093,58.668,0.135,-0.532
00:00:08.345,1572935477774,1.418,-0.043,36.653,0.664,3.0,0.011,15.314,0.0,0.093,58.923,0.134,-0.532
00:00:08.402,1572935477831,1.418,-0.043,36.653,0.664,3.0,0.011,15.338,0.0,0.093,59.178,0.133,-0.532
00:00:08.403,1572935477832,1.418,-0.043,36.653,0.664,3.0,0.011,15.362,0.0,0.094,59.434,0.132,-0.532
00:00:08.404,1572935477833,1.418,-0.043,36.653,0.664,3.0,0.011,15.385,0.0,0.094,59.69,0.131,-0.532
00:00:08.405,1572935477834,1.4169999999999998,-0.043,36.653,0.664,3.0,0.011,15.409,0.0,0.094,59.947,0.13,-0.532
00:00:08.453,1572935477882,1.4169999999999998,-0.043,36.653,0.664,3.0,0.011,15.431,0.0,0.094,60.188,0.129,-0.532
00:00:08.454,1572935477883,1.416,-0.043,36.653,0.664,3.0,0.011,15.455,0.0,0.094,60.445,0.128,-0.532
00:00:08.455,1572935477884,1.416,-0.043,36.653,0.664,3.0,0.011,15.478,0.0,0.094,60.703,0.127,-0.532
00:00:08.504,1572935477933,1.415,-0.043,36.653,0.664,3.0,0.011,15.502,0.0,0.094,60.96100000000001,0.125,-0.532
00:00:08.505,1572935477934,1.414,-0.043,36.8,0.664,3.0,0.011,15.525,0.0,0.094,61.22,0.124,-0.532
00:00:08.506,1572935477935,1.414,-0.043,36.8,0.664,3.0,0.011,15.549,0.0,0.095,61.479,0.123,-0.532
00:00:08.555,1572935477984,1.414,-0.044,36.8,0.664,3.0,0.011,15.572,0.0,0.095,61.738,0.122,-0.532
00:00:08.556,1572935477985,1.414,-0.044,36.8,0.664,3.0,0.011,15.595999999999998,0.0,0.095,61.99800000000001,0.121,-0.532
00:00:08.557,1572935477986,1.414,-0.044,36.8,0.664,3.0,0.011,15.62,0.0,0.095,62.258,0.12,-0.532
00:00:08.619,1572935478048,1.414,-0.044,36.8,0.664,3.0,0.011,15.643,0.0,0.095,62.519,0.118,-0.532
00:00:08.620,1572935478049,1.414,-0.044,37.166,0.664,3.0,0.011,15.667,0.0,0.095,62.779,0.117,-0.532
00:00:08.621,1572935478050,1.414,-0.044,37.166,0.664,3.0,0.011,15.69,0.0,0.095,63.041,0.116,-0.532
00:00:08.622,1572935478051,1.414,-0.044,37.166,0.664,3.0,0.011,15.714,0.0,0.096,63.302,0.115,-0.532
00:00:08.670,1572935478099,1.415,-0.044,37.166,0.664,3.0,0.011,15.737,0.0,0.096,63.565,0.113,-0.532
00:00:08.671,1572935478100,1.415,-0.044,37.166,0.664,3.0,0.011,15.761,0.0,0.096,63.827,0.112,-0.532
00:00:08.672,1572935478101,1.416,-0.044,37.166,0.664,3.0,0.011,15.785,0.0,0.096,64.09,0.111,-0.532
00:00:08.722,1572935478151,1.416,-0.044,37.166,0.664,3.0,0.011,15.808,0.0,0.096,64.35300000000001,0.109,-0.532
00:00:08.723,1572935478152,1.415,-0.043,37.166,0.664,3.0,0.011,15.832,0.0,0.096,64.617,0.108,-0.532
00:00:08.724,1572935478153,1.415,-0.043,37.166,0.664,3.0,0.011,15.855,0.0,0.097,64.881,0.107,-0.532
00:00:08.772,1572935478201,1.414,-0.042,37.166,0.664,3.0,0.011,15.879,0.0,0.097,65.145,0.105,-0.532
00:00:08.773,1572935478202,1.414,-0.042,37.166,0.664,3.0,0.011,15.902,0.0,0.097,65.41,0.104,-0.532
00:00:08.774,1572935478203,1.413,-0.04,37.166,0.664,3.0,0.012,15.925999999999998,0.0,0.097,65.675,0.103,-0.532
00:00:08.822,1572935478251,1.413,-0.039,37.166,0.664,3.0,0.012,15.95,0.0,0.097,65.941,0.101,-0.532
00:00:08.823,1572935478252,1.413,-0.037000000000000005,37.166,0.664,3.0,0.012,15.973,0.001,0.097,66.207,0.1,-0.532
00:00:08.824,1572935478253,1.413,-0.035,37.166,0.664,3.0,0.012,15.997,0.001,0.097,66.47399999999999,0.098,-0.532
00:00:08.873,1572935478302,1.412,-0.032,37.166,0.664,3.0,0.012,16.02,0.001,0.098,66.74,0.097,-0.532
00:00:08.874,1572935478303,1.412,-0.03,37.166,0.664,3.0,0.012,16.044,0.001,0.098,67.008,0.095,-0.532
00:00:08.875,1572935478304,1.412,-0.027000000000000003,37.166,0.664,3.0,0.012,16.067,0.001,0.098,67.275,0.094,-0.532
00:00:08.932,1572935478361,1.411,-0.025,37.313,0.664,3.0,0.012,16.090999999999998,0.001,0.098,67.543,0.092,-0.532
00:00:08.933,1572935478362,1.411,-0.022,37.313,0.664,3.0,0.012,16.114,0.001,0.098,67.811,0.091,-0.532
00:00:08.934,1572935478363,1.411,-0.019,37.313,0.664,3.0,0.012,16.137999999999998,0.002,0.098,68.08,0.09,-0.532
00:00:08.935,1572935478364,1.411,-0.017,37.313,0.664,3.0,0.012,16.160999999999998,0.002,0.098,68.34899999999999,0.08800000000000001,-0.532
00:00:08.981,1572935478410,1.409,-0.015,37.313,0.664,3.0,0.012,16.185,0.002,0.099,68.619,0.087,-0.532
00:00:08.982,1572935478411,1.408,-0.013,37.313,0.664,3.0,0.011,16.208,0.002,0.099,68.889,0.085,-0.532
00:00:08.983,1572935478412,1.4069999999999998,-0.011,37.606,0.664,3.0,0.011,16.232,0.002,0.099,69.15899999999999,0.084,-0.532
00:00:09.034,1572935478463,1.4069999999999998,-0.009000000000000001,37.606,0.664,3.0,0.011,16.255,0.002,0.099,69.43,0.08199999999999999,-0.532
00:00:09.035,1572935478464,1.408,-0.008,37.606,0.664,3.0,0.01,16.279,0.002,0.099,69.70100000000001,0.081,-0.532
00:00:09.036,1572935478465,1.409,-0.006999999999999999,37.606,0.664,3.0,0.01,16.302,0.002,0.099,69.973,0.079,-0.532
00:00:09.089,1572935478518,1.409,-0.006999999999999999,37.606,0.664,3.0,0.009000000000000001,16.326,0.002,0.099,70.244,0.077,-0.532
00:00:09.090,1572935478519,1.408,-0.006,37.606,0.664,3.0,0.009000000000000001,16.349,0.002,0.099,70.517,0.076,-0.532
00:00:09.091,1572935478520,1.408,-0.005,37.606,0.664,3.0,0.009000000000000001,16.372,0.001,0.1,70.789,0.07400000000000001,-0.532
00:00:09.139,1572935478568,1.4069999999999998,-0.005,37.606,0.664,3.0,0.008,16.396,0.001,0.1,71.062,0.073,-0.532
00:00:09.140,1572935478569,1.4069999999999998,-0.004,37.606,0.664,3.0,0.008,16.419,0.001,0.1,71.336,0.071,-0.532
00:00:09.141,1572935478570,1.406,-0.003,37.606,0.664,3.0,0.008,16.442999999999998,0.001,0.1,71.61,0.07,-0.532
00:00:09.189,1572935478618,1.406,-0.002,37.606,0.664,3.0,0.006999999999999999,16.465999999999998,0.001,0.1,71.884,0.068,-0.532
00:00:09.190,1572935478619,1.405,-0.001,37.606,0.664,3.0,0.006999999999999999,16.49,0.001,0.1,72.15899999999998,0.067,-0.532
00:00:09.191,1572935478620,1.404,0.0,37.606,0.664,3.0,0.006999999999999999,16.512999999999998,0.0,0.1,72.434,0.065,-0.532
00:00:09.240,1572935478669,1.404,0.001,37.606,0.664,3.0,0.006999999999999999,16.535999999999998,0.0,0.1,72.709,0.064,-0.532
00:00:09.241,1572935478670,1.403,0.002,37.606,0.664,3.0,0.006,16.56,0.0,0.1,72.985,0.062,-0.532
00:00:09.242,1572935478671,1.403,0.003,37.606,0.664,3.0,0.006,16.583,0.0,0.1,73.26100000000002,0.061,-0.532
00:00:09.290,1572935478719,1.402,0.004,37.606,0.664,3.0,0.006,16.605999999999998,0.0,0.1,73.538,0.059,-0.532
00:00:09.291,1572935478720,1.402,0.004,37.606,0.664,3.0,0.005,16.63,0.0,0.1,73.815,0.057,-0.532
00:00:09.292,1572935478721,1.401,0.005,37.972,0.664,3.0,0.005,16.653,0.0,0.1,74.092,0.056,-0.532
00:00:09.352,1572935478781,1.401,0.005,37.972,0.664,3.0,0.005,16.677,0.0,0.101,74.37,0.054000000000000006,-0.532
00:00:09.353,1572935478782,1.402,0.005,37.972,0.664,3.0,0.005,16.7,0.0,0.101,74.648,0.053,-0.532
00:00:09.354,1572935478783,1.403,0.006,37.972,0.664,3.0,0.004,16.723,0.0,0.101,74.926,0.051,-0.532
00:00:09.355,1572935478784,1.403,0.006,37.972,0.664,3.0,0.004,16.747,0.0,0.101,75.205,0.05,-0.532
00:00:09.403,1572935478832,1.402,0.006,37.972,0.664,3.0,0.004,16.77,0.0,0.101,75.485,0.048,-0.532
00:00:09.404,1572935478833,1.402,0.005,38.118,0.664,3.0,0.004,16.793,0.0,0.101,75.764,0.047,-0.532
00:00:09.405,1572935478834,1.401,0.005,38.118,0.664,3.0,0.004,16.817,0.0,0.101,76.044,0.045,-0.532
00:00:09.454,1572935478883,1.401,0.005,38.118,0.664,3.0,0.003,16.84,0.0,0.101,76.325,0.043,-0.532
00:00:09.455,1572935478884,1.401,0.005,38.118,0.664,3.0,0.003,16.863,0.0,0.102,76.60600000000002,0.042,-0.532
00:00:09.456,1572935478885,1.401,0.005,38.118,0.664,3.0,0.003,16.887,0.0,0.102,76.887,0.04,-0.532
00:00:09.506,1572935478935,1.4,0.005,38.118,0.664,3.0,0.003,16.91,0.0,0.102,77.169,0.039,-0.532
00:00:09.507,1572935478936,1.4,0.006,38.118,0.664,3.0,0.003,16.933,0.0,0.102,77.45100000000002,0.037000000000000005,-0.532
00:00:09.508,1572935478937,1.399,0.006,38.118,0.664,3.0,0.002,16.957,0.0,0.102,77.733,0.036000000000000004,-0.532
00:00:09.555,1572935478984,1.398,0.006,38.118,0.664,3.0,0.002,16.98,0.0,0.102,78.016,0.034,-0.532
00:00:09.556,1572935478985,1.398,0.006,38.118,0.664,3.0,0.002,17.005,0.0,0.102,78.317,0.032,-0.532
00:00:09.557,1572935478986,1.3969999999999998,0.006999999999999999,38.118,0.664,3.0,0.002,17.027,0.0,0.102,78.583,0.031,-0.532
00:00:09.606,1572935479035,1.3969999999999998,0.006999999999999999,38.118,0.664,3.0,0.002,17.05,0.0,0.103,78.867,0.029,-0.532
00:00:09.607,1572935479036,1.396,0.006999999999999999,38.338,0.664,3.0,0.002,17.073,0.0,0.103,79.15100000000002,0.028,-0.532
00:00:09.608,1572935479037,1.396,0.008,38.338,0.664,3.0,0.002,17.096,0.0,0.103,79.436,0.026,-0.532
00:00:09.656,1572935479085,1.396,0.008,38.338,0.664,3.0,0.001,17.12,0.0,0.103,79.721,0.025,-0.532
00:00:09.657,1572935479086,1.3969999999999998,0.006999999999999999,38.338,0.664,3.0,0.001,17.143,0.0,0.103,80.006,0.023,-0.532
00:00:09.658,1572935479087,1.3969999999999998,0.006999999999999999,38.338,0.664,3.0,0.001,17.166,0.0,0.103,80.292,0.021,-0.532
00:00:09.707,1572935479136,1.396,0.006999999999999999,38.338,0.664,3.0,0.001,17.189,0.0,0.103,80.579,0.02,-0.532
00:00:09.708,1572935479137,1.396,0.006999999999999999,38.338,0.664,3.0,0.001,17.213,0.0,0.103,80.865,0.018000000000000002,-0.532
00:00:09.709,1572935479138,1.395,0.006999999999999999,38.338,0.664,3.0,0.001,17.236,0.0,0.103,81.152,0.017,-0.532
00:00:09.759,1572935479188,1.394,0.006,38.338,0.664,3.0,0.001,17.259,0.0,0.104,81.44,0.015,-0.532
00:00:09.760,1572935479189,1.394,0.006,38.338,0.664,3.0,0.0,17.282,0.0,0.104,81.72800000000002,0.014,-0.532
00:00:09.761,1572935479190,1.393,0.006,38.338,0.664,3.0,0.0,17.305999999999994,0.0,0.104,82.016,0.012,-0.532
00:00:09.810,1572935479239,1.393,0.005,38.338,0.664,3.0,0.0,17.329,0.0,0.104,82.305,0.011,-0.532
00:00:09.811,1572935479240,1.392,0.004,38.338,0.664,3.0,0.0,17.352,0.0,0.104,82.594,0.009000000000000001,-0.532
00:00:09.812,1572935479241,1.392,0.004,38.338,0.664,3.0,0.0,17.375,0.0,0.104,82.883,0.006999999999999999,-0.532
00:00:09.813,1572935479242,1.391,0.003,38.338,0.664,3.0,0.0,17.398,0.0,0.104,83.17299999999999,0.006,-0.532
00:00:09.864,1572935479293,1.39,0.003,38.338,0.664,3.0,0.0,17.422,0.0,0.104,83.463,0.004,-0.532
00:00:09.865,1572935479294,1.39,0.002,38.338,0.664,3.0,0.0,17.445,0.0,0.104,83.75299999999999,0.003,-0.532
00:00:09.866,1572935479295,1.389,0.002,38.338,0.664,3.0,0.0,17.468,0.0,0.104,84.044,0.001,-0.532
00:00:09.910,1572935479339,1.389,0.002,38.338,0.664,3.0,0.0,17.488,-0.001,0.105,84.29899999999998,0.0,-0.532
00:00:09.911,1572935479340,1.388,0.002,38.338,0.664,3.0,0.0,17.511,-0.001,0.105,84.59100000000002,-0.002,-0.532
00:00:09.912,1572935479341,1.388,0.002,38.338,0.664,3.0,0.0,17.534000000000002,-0.001,0.105,84.883,-0.004,-0.532
00:00:09.960,1572935479389,1.3869999999999998,0.002,38.338,0.664,3.0,0.0,17.557000000000002,-0.001,0.105,85.175,-0.005,-0.532
00:00:09.961,1572935479390,1.3869999999999998,0.002,38.338,0.664,3.0,0.0,17.581,0.0,0.105,85.46799999999998,-0.006999999999999999,-0.532
00:00:09.962,1572935479391,1.386,0.001,38.338,0.664,3.0,0.0,17.604,0.0,0.105,85.76100000000002,-0.008,-0.532
00:00:10.011,1572935479440,1.386,0.001,38.631,0.664,3.0,0.0,17.627,0.0,0.105,86.055,-0.01,-0.532
00:00:10.012,1572935479441,1.386,0.001,38.631,0.664,3.0,0.0,17.65,0.0,0.105,86.34899999999998,-0.011,-0.532
00:00:10.013,1572935479442,1.386,0.001,38.631,0.664,3.0,0.0,17.673,0.0,0.105,86.64299999999999,-0.013,-0.532
00:00:10.061,1572935479490,1.3869999999999998,0.001,38.631,0.664,3.0,0.0,17.695999999999994,0.0,0.105,86.93799999999996,-0.015,-0.532
00:00:10.062,1572935479491,1.3869999999999998,0.0,38.631,0.664,3.0,0.0,17.719,0.0,0.105,87.23299999999998,-0.016,-0.532
00:00:10.063,1572935479492,1.3869999999999998,0.0,38.631,0.664,3.0,0.0,17.742,0.0,0.106,87.529,-0.018000000000000002,-0.532
00:00:10.112,1572935479541,1.386,0.0,39.144,0.664,3.0,0.0,17.765,0.0,0.106,87.825,-0.019,-0.532
00:00:10.113,1572935479542,1.386,0.0,39.144,0.664,3.0,0.0,17.789,0.0,0.106,88.12100000000002,-0.021,-0.532
00:00:10.114,1572935479543,1.3869999999999998,-0.001,39.144,0.664,3.0,0.0,17.812,0.0,0.106,88.41799999999998,-0.023,-0.532
00:00:10.162,1572935479591,1.389,-0.001,39.144,0.664,3.0,0.0,17.835,0.0,0.106,88.715,-0.024,-0.532
00:00:10.163,1572935479592,1.39,-0.001,39.144,0.664,3.0,0.0,17.858,0.0,0.106,89.012,-0.026,-0.532
00:00:10.164,1572935479593,1.39,-0.001,39.144,0.664,3.0,0.0,17.881,0.0,0.106,89.31,-0.027000000000000003,-0.532
00:00:10.213,1572935479642,1.389,-0.001,39.51,0.664,3.0,0.0,17.904,0.0,0.106,89.60799999999998,-0.029,-0.532
00:00:10.214,1572935479643,1.389,-0.001,39.51,0.664,3.0,0.0,17.927,0.0,0.107,89.90700000000002,-0.031,-0.532
00:00:10.215,1572935479644,1.389,-0.002,39.51,0.664,3.0,0.0,17.951,0.0,0.107,90.206,-0.032,-0.532
00:00:10.263,1572935479692,1.391,-0.002,39.51,0.664,3.0,0.0,17.974,0.0,0.107,90.505,-0.034,-0.532
00:00:10.264,1572935479693,1.391,-0.002,39.51,0.664,3.0,0.0,17.997,0.0,0.107,90.805,-0.036000000000000004,-0.532
00:00:10.265,1572935479694,1.391,-0.001,39.51,0.664,3.0,0.0,18.02,0.0,0.107,91.105,-0.037000000000000005,-0.532
00:00:10.320,1572935479749,1.391,-0.001,39.51,0.664,3.0,0.0,18.043,0.0,0.107,91.405,-0.039,-0.532
00:00:10.321,1572935479750,1.39,-0.001,39.51,0.664,3.0,0.0,18.068,0.0,0.107,91.725,-0.041,-0.532
00:00:10.322,1572935479751,1.389,-0.001,39.51,0.664,3.0,0.0,18.09,0.0,0.108,92.008,-0.042,-0.532
00:00:10.366,1572935479795,1.388,-0.001,39.51,0.664,3.0,0.0,18.113,0.0,0.108,92.309,-0.044,-0.532
00:00:10.367,1572935479796,1.388,-0.001,39.51,0.664,3.0,0.0,18.136,0.0,0.108,92.611,-0.045,-0.532
00:00:10.368,1572935479797,1.388,0.0,39.51,0.664,3.0,0.0,18.159,0.0,0.108,92.914,-0.047,-0.532
00:00:10.418,1572935479847,1.3869999999999998,0.0,39.51,0.664,3.0,0.0,18.182,0.0,0.108,93.217,-0.049,-0.532
00:00:10.419,1572935479848,1.3869999999999998,0.0,39.51,0.664,3.0,0.0,18.205,0.0,0.108,93.52,-0.05,-0.532
00:00:10.420,1572935479849,1.386,0.0,39.51,0.664,3.0,0.0,18.228,0.0,0.109,93.824,-0.052000000000000005,-0.532
00:00:10.475,1572935479904,1.386,0.0,39.51,0.664,3.0,0.0,18.251,0.0,0.109,94.128,-0.054000000000000006,-0.532
00:00:10.476,1572935479905,1.385,0.0,39.51,0.664,3.0,0.0,18.275,0.0,0.109,94.432,-0.055,-0.532
00:00:10.477,1572935479906,1.385,0.0,39.51,0.664,3.0,0.0,18.298,0.0,0.109,94.737,-0.057,-0.532
00:00:10.522,1572935479951,1.384,0.001,39.51,0.664,3.0,0.0,18.321,0.0,0.109,95.042,-0.059,-0.532
00:00:10.523,1572935479952,1.384,0.001,39.51,0.664,3.0,0.0,18.344,0.0,0.109,95.347,-0.06,-0.532
00:00:10.524,1572935479953,1.383,0.002,39.51,0.664,3.0,0.0,18.367,0.0,0.109,95.653,-0.062,-0.532
00:00:10.574,1572935480003,1.383,0.002,39.51,0.664,3.0,0.0,18.391,0.0,0.109,95.979,-0.064,-0.532
00:00:10.575,1572935480004,1.382,0.002,39.51,0.664,3.0,0.0,18.413,0.0,0.109,96.266,-0.065,-0.532
00:00:10.576,1572935480005,1.382,0.002,39.51,0.664,3.0,0.0,18.436,0.0,0.11,96.573,-0.067,-0.532
00:00:10.625,1572935480054,1.381,0.002,39.51,0.664,3.0,0.0,18.46,0.0,0.11,96.9,-0.069,-0.532
00:00:10.626,1572935480055,1.381,0.003,39.51,0.664,3.0,0.0,18.482,0.0,0.11,97.189,-0.07,-0.532
00:00:10.627,1572935480056,1.38,0.003,39.51,0.664,3.0,0.0,18.505,0.0,0.11,97.497,-0.07200000000000001,-0.532
00:00:10.675,1572935480104,1.38,0.003,39.51,0.664,3.0,0.0,18.528,0.0,0.11,97.806,-0.073,-0.532
00:00:10.676,1572935480105,1.379,0.003,39.51,0.664,3.0,0.0,18.551,0.0,0.11,98.115,-0.075,-0.532
00:00:10.677,1572935480106,1.379,0.003,39.51,0.664,3.0,0.0,18.574,0.0,0.11,98.424,-0.077,-0.532
00:00:10.730,1572935480159,1.378,0.003,39.51,0.664,3.0,0.0,18.598,0.0,0.11,98.753,-0.079,-0.532
00:00:10.731,1572935480160,1.378,0.003,39.51,0.664,3.0,0.0,18.62,0.0,0.11,99.044,-0.08,-0.532
00:00:10.732,1572935480161,1.3769999999999998,0.003,39.51,0.664,3.0,0.0,18.643,0.0,0.11,99.354,-0.08199999999999999,-0.532
00:00:10.776,1572935480205,1.3769999999999998,0.004,39.51,0.664,3.0,0.0,18.666,0.0,0.11,99.665,-0.083,-0.532
00:00:10.777,1572935480206,1.376,0.004,39.51,0.664,3.0,0.0,18.689,0.0,0.111,99.976,-0.085,-0.532
00:00:10.778,1572935480207,1.376,0.004,39.51,0.664,3.0,0.0,18.713,0.0,0.111,100.308,-0.087,-0.532
00:00:10.829,1572935480258,1.375,0.004,39.51,0.664,3.0,0.0,18.736,0.0,0.111,100.62,-0.08900000000000001,-0.532
00:00:10.830,1572935480259,1.375,0.005,39.51,0.664,3.0,-0.001,18.757,0.0,0.111,100.913,-0.09,-0.532
00:00:10.831,1572935480260,1.374,0.005,39.51,0.664,3.0,-0.001,18.78,0.0,0.111,101.225,-0.092,-0.532
00:00:10.876,1572935480305,1.374,0.005,39.51,0.664,3.0,-0.001,18.804,0.0,0.111,101.558,-0.094,-0.532
00:00:10.877,1572935480306,1.3730000000000002,0.005,39.51,0.664,3.0,-0.001,18.826,0.0,0.111,101.852,-0.095,-0.532
00:00:10.878,1572935480307,1.3730000000000002,0.005,39.51,0.664,3.0,-0.001,18.849,0.0,0.111,102.166,-0.097,-0.532
00:00:10.927,1572935480356,1.372,0.005,39.51,0.664,3.0,-0.001,18.873,0.0,0.111,102.5,-0.099,-0.532
00:00:10.928,1572935480357,1.372,0.005,39.51,0.664,3.0,-0.001,18.894,0.0,0.111,102.795,-0.1,-0.532
00:00:10.929,1572935480358,1.371,0.005,39.51,0.664,3.0,-0.001,18.919,0.0,0.111,103.13,-0.102,-0.532
00:00:10.930,1572935480359,1.371,0.005,39.51,0.664,3.0,-0.001,18.94,0.0,0.111,103.426,-0.104,-0.532
00:00:10.977,1572935480406,1.37,0.005,39.51,0.664,3.0,-0.001,18.963,0.0,0.111,103.742,-0.105,-0.532
00:00:10.978,1572935480407,1.37,0.005,39.51,0.664,3.0,-0.001,18.986,0.0,0.112,104.058,-0.107,-0.532
00:00:10.979,1572935480408,1.369,0.005,39.51,0.664,3.0,-0.001,19.01,0.0,0.112,104.394,-0.109,-0.532
00:00:11.028,1572935480457,1.369,0.005,39.51,0.664,3.0,-0.001,19.031,0.0,0.112,104.692,-0.11,-0.532
00:00:11.029,1572935480458,1.368,0.005,39.51,0.664,3.0,-0.001,19.054,0.0,0.112,105.009,-0.112,-0.532
00:00:11.030,1572935480459,1.368,0.005,39.51,0.664,3.0,-0.001,19.077,0.0,0.112,105.327,-0.114,-0.532
00:00:11.079,1572935480508,1.367,0.005,39.51,0.664,3.0,-0.001,19.1,0.0,0.112,105.645,-0.115,-0.532
00:00:11.080,1572935480509,1.367,0.005,39.51,0.664,3.0,-0.001,19.124,0.0,0.112,105.983,-0.117,-0.532
00:00:11.081,1572935480510,1.366,0.005,39.51,0.664,3.0,-0.001,19.145,0.0,0.112,106.282,-0.119,-0.532
00:00:11.137,1572935480566,1.366,0.004,39.51,0.664,3.0,-0.001,19.168,0.0,0.112,106.602,-0.12,-0.532
00:00:11.138,1572935480567,1.365,0.004,39.51,0.664,3.0,-0.001,19.191,0.0,0.112,106.921,-0.122,-0.532
00:00:11.139,1572935480568,1.365,0.003,39.51,0.664,3.0,-0.001,19.215,0.0,0.112,107.261,-0.124,-0.532
00:00:11.187,1572935480616,1.364,0.003,39.51,0.664,3.0,-0.001,19.236,0.0,0.112,107.562,-0.126,-0.532
00:00:11.188,1572935480617,1.364,0.002,39.51,0.664,3.0,-0.001,19.259,0.0,0.112,107.882,-0.127,-0.532
00:00:11.189,1572935480618,1.3630000000000002,0.002,39.51,0.664,3.0,-0.001,19.283,-0.001,0.113,108.224,-0.129,-0.532
00:00:11.237,1572935480666,1.3630000000000002,0.001,39.51,0.664,3.0,-0.001,19.306,-0.001,0.113,108.545,-0.131,-0.532
00:00:11.238,1572935480667,1.362,0.0,39.51,0.664,3.0,-0.001,19.327,-0.001,0.113,108.847,-0.132,-0.532
00:00:11.239,1572935480668,1.362,0.0,39.51,0.664,3.0,-0.001,19.351,-0.001,0.113,109.19,-0.134,-0.532
00:00:11.290,1572935480719,1.361,-0.001,39.51,0.664,3.0,-0.001,19.372,-0.001,0.113,109.492,-0.136,-0.532
00:00:11.291,1572935480720,1.361,-0.001,39.51,0.664,3.0,-0.001,19.397,-0.001,0.113,109.835,-0.138,-0.532
00:00:11.292,1572935480721,1.36,-0.001,39.51,0.664,3.0,-0.001,19.418,-0.001,0.113,110.139,-0.139,-0.532
00:00:11.339,1572935480768,1.36,-0.001,39.51,0.664,3.0,-0.001,19.44,-0.001,0.113,110.462,-0.141,-0.532
00:00:11.340,1572935480769,1.359,-0.001,39.51,0.664,3.0,-0.001,19.464,0.0,0.113,110.807,-0.14300000000000002,-0.532
00:00:11.341,1572935480770,1.359,-0.001,39.51,0.664,3.0,-0.001,19.487,0.0,0.113,111.131,-0.14400000000000002,-0.532
00:00:11.389,1572935480818,1.358,-0.001,39.51,0.664,3.0,-0.001,19.508,0.0,0.113,111.436,-0.146,-0.532
00:00:11.390,1572935480819,1.358,-0.002,39.51,0.664,3.0,-0.001,19.531,0.0,0.113,111.761,-0.14800000000000002,-0.532
00:00:11.391,1572935480820,1.355,-0.002,39.51,1.128,3.0,-0.001,19.553,0.0,0.114,112.087,-0.149,-0.532
00:00:11.439,1572935480868,1.35,-0.002,39.51,1.128,3.0,-0.001,19.577,0.0,0.114,112.434,-0.151,-0.532
00:00:11.440,1572935480869,1.346,-0.002,39.51,1.128,3.0,-0.001,19.598,0.0,0.114,112.74,-0.153,-0.532
00:00:11.441,1572935480870,1.344,-0.003,39.51,1.128,3.0,-0.001,19.621,0.0,0.114,113.066,-0.155,-0.532
00:00:11.490,1572935480919,1.3430000000000002,-0.003,39.51,1.128,3.0,0.0,19.643,0.0,0.114,113.394,-0.156,-0.532
00:00:11.491,1572935480920,1.342,-0.003,39.51,1.128,3.0,0.0,19.667,0.0,0.114,113.742,-0.158,-0.532
00:00:11.492,1572935480921,1.344,-0.003,39.51,0.664,3.0,0.0,19.689,0.0,0.114,114.07,-0.16,-0.532
00:00:11.540,1572935480969,1.348,-0.003,39.51,0.664,3.0,0.0,19.71,0.0,0.114,114.378,-0.162,-0.532
00:00:11.541,1572935480970,1.351,-0.003,39.51,0.664,3.0,0.0,19.733,0.0,0.114,114.706,-0.163,-0.532
00:00:11.542,1572935480971,1.352,-0.003,39.51,0.664,3.0,0.0,19.757,0.0,0.114,115.056,-0.165,-0.5329999999999999
00:00:11.590,1572935481019,1.352,-0.002,39.51,0.664,3.0,0.0,19.779,0.0,0.114,115.385,-0.16699999999999998,-0.5329999999999999
00:00:11.591,1572935481020,1.351,-0.002,39.51,0.664,3.0,0.0,19.8,0.0,0.114,115.695,-0.16899999999999998,-0.5329999999999999
00:00:11.592,1572935481021,1.351,-0.001,39.51,0.664,3.0,0.0,19.824,0.0,0.114,116.045,-0.17,-0.5329999999999999
00:00:11.641,1572935481070,1.351,-0.001,39.51,0.664,3.0,0.0,19.847,0.001,0.114,116.376,-0.172,-0.5329999999999999
00:00:11.642,1572935481071,1.35,0.0,39.51,0.664,3.0,0.0,19.869,0.001,0.114,116.707,-0.174,-0.5329999999999999
00:00:11.643,1572935481072,1.35,0.0,39.51,0.664,3.0,0.0,19.89,0.001,0.114,117.018,-0.17600000000000002,-0.5329999999999999
00:00:11.692,1572935481121,1.349,0.001,39.51,0.664,3.0,0.0,19.913,0.001,0.114,117.349,-0.177,-0.5329999999999999
00:00:11.693,1572935481122,1.349,0.001,39.51,0.664,3.0,0.0,19.935,0.001,0.114,117.681,-0.179,-0.5329999999999999
00:00:11.694,1572935481123,1.348,0.001,39.51,0.664,3.0,0.0,19.959,0.001,0.114,118.035,-0.181,-0.5329999999999999
00:00:11.743,1572935481172,1.348,0.002,39.51,0.664,3.0,0.0,19.98,0.001,0.115,118.347,-0.183,-0.5329999999999999
00:00:11.744,1572935481173,1.347,0.002,39.51,0.664,3.0,0.0,20.003,0.001,0.115,118.68,-0.184,-0.5329999999999999
00:00:11.745,1572935481174,1.347,0.003,39.51,0.664,3.0,0.0,20.027,0.001,0.115,119.034,-0.18600000000000005,-0.5329999999999999
00:00:11.746,1572935481175,1.346,0.004,39.51,0.664,3.0,0.0,20.049,0.001,0.115,119.368,-0.188,-0.5329999999999999
00:00:11.793,1572935481222,1.346,0.005,39.51,0.664,3.0,0.0,20.071,0.001,0.115,119.703,-0.19,-0.5329999999999999
00:00:11.794,1572935481223,1.3430000000000002,0.006999999999999999,39.51,1.128,3.0,0.0,20.094,0.001,0.115,120.037,-0.192,-0.5329999999999999
00:00:11.795,1572935481224,1.338,0.009000000000000001,39.51,1.128,3.0,0.0,20.116,0.001,0.115,120.372,-0.193,-0.5329999999999999
00:00:11.844,1572935481273,1.334,0.011,39.51,1.128,3.0,0.0,20.138,0.001,0.115,120.708,-0.195,-0.5329999999999999
00:00:11.845,1572935481274,1.332,0.013,39.51,1.128,3.0,0.0,20.16,0.001,0.115,121.044,-0.197,-0.5329999999999999
00:00:11.846,1572935481275,1.331,0.016,39.51,1.128,3.0,0.0,20.181,0.001,0.115,121.359,-0.199,-0.5329999999999999
00:00:11.895,1572935481324,1.33,0.018000000000000002,39.51,1.128,3.0,0.0,20.205,0.001,0.115,121.716,-0.2,-0.5329999999999999
00:00:11.896,1572935481325,1.332,0.02,39.656,0.664,3.0,0.0,20.227,0.001,0.115,122.053,-0.202,-0.5329999999999999
00:00:11.897,1572935481326,1.336,0.022,39.656,0.664,3.0,-0.001,20.249,0.001,0.115,122.391,-0.204,-0.5329999999999999
00:00:11.946,1572935481375,1.339,0.024,39.656,0.664,3.0,-0.001,20.27,0.001,0.115,122.707,-0.206,-0.5329999999999999
00:00:11.947,1572935481376,1.341,0.025,39.656,0.664,3.0,-0.001,20.294,0.001,0.116,123.066,-0.207,-0.5329999999999999
00:00:11.948,1572935481377,1.342,0.026,39.656,0.664,3.0,-0.001,20.315,0.0,0.116,123.384,-0.209,-0.5329999999999999
00:00:11.996,1572935481425,1.342,0.027000000000000003,39.656,0.664,3.0,-0.002,20.339,0.0,0.116,123.744,-0.211,-0.5329999999999999
00:00:11.997,1572935481426,1.342,0.027000000000000003,39.51,0.664,3.0,-0.002,20.361,0.0,0.116,124.083,-0.213,-0.5329999999999999
00:00:11.998,1572935481427,1.341,0.027000000000000003,39.51,0.664,3.0,-0.002,20.382,0.0,0.116,124.401,-0.214,-0.5329999999999999
00:00:12.047,1572935481476,1.34,0.026,39.51,0.664,3.0,-0.003,20.406,-0.001,0.116,124.762,-0.21600000000000005,-0.5329999999999999
00:00:12.048,1572935481477,1.338,0.026,39.51,0.664,3.0,-0.003,20.428,-0.001,0.116,125.102,-0.218,-0.5329999999999999
00:00:12.049,1572935481478,1.337,0.026,39.51,0.664,3.0,-0.003,20.449,-0.001,0.116,125.422,-0.219,-0.5329999999999999
00:00:12.110,1572935481539,1.336,0.026,39.51,0.664,3.0,-0.004,20.473,-0.001,0.116,125.784,-0.221,-0.5329999999999999
00:00:12.111,1572935481540,1.336,0.026,39.656,0.664,3.0,-0.004,20.495,-0.002,0.116,126.125,-0.223,-0.5329999999999999
00:00:12.112,1572935481541,1.336,0.027000000000000003,39.656,0.664,3.0,-0.004,20.517,-0.002,0.116,126.467,-0.225,-0.5329999999999999
00:00:12.156,1572935481585,1.336,0.027000000000000003,39.656,0.664,3.0,-0.005,20.539,-0.002,0.116,126.809,-0.226,-0.5329999999999999
00:00:12.157,1572935481586,1.336,0.028,39.656,0.664,3.0,-0.005,20.562,-0.002,0.117,127.152,-0.228,-0.5329999999999999
00:00:12.158,1572935481587,1.336,0.029,39.656,0.664,3.0,-0.005,20.584,-0.002,0.117,127.495,-0.23,-0.5329999999999999
00:00:12.207,1572935481636,1.336,0.029,39.656,0.664,3.0,-0.005,20.606,-0.003,0.117,127.838,-0.231,-0.5329999999999999
00:00:12.208,1572935481637,1.336,0.03,39.656,0.664,3.0,-0.005,20.628,-0.003,0.117,128.18200000000002,-0.233,-0.5329999999999999
00:00:12.209,1572935481638,1.335,0.03,39.656,0.664,3.0,-0.006,20.649,-0.003,0.117,128.504,-0.234,-0.5329999999999999
00:00:12.257,1572935481686,1.334,0.03,39.656,0.664,3.0,-0.006,20.673,-0.003,0.117,128.87,-0.236,-0.5329999999999999
00:00:12.258,1572935481687,1.334,0.03,39.656,0.664,3.0,-0.006,20.695,-0.003,0.117,129.215,-0.238,-0.5329999999999999
00:00:12.259,1572935481688,1.3330000000000002,0.03,39.656,0.664,3.0,-0.006,20.717,-0.003,0.117,129.56,-0.239,-0.5329999999999999
00:00:12.307,1572935481736,1.332,0.029,39.656,0.664,3.0,-0.006,20.74,-0.003,0.117,129.905,-0.241,-0.5329999999999999
00:00:12.308,1572935481737,1.332,0.029,39.656,0.664,3.0,-0.006999999999999999,20.762,-0.003,0.117,130.251,-0.243,-0.5329999999999999
00:00:12.309,1572935481738,1.331,0.028,39.656,0.664,3.0,-0.006999999999999999,20.784,-0.003,0.118,130.597,-0.244,-0.5329999999999999
00:00:12.360,1572935481789,1.331,0.028,39.656,0.664,3.0,-0.006999999999999999,20.806,-0.003,0.118,130.944,-0.246,-0.5329999999999999
00:00:12.361,1572935481790,1.33,0.027000000000000003,39.656,0.664,3.0,-0.006999999999999999,20.823,-0.003,0.118,131.204,-0.247,-0.5329999999999999
00:00:12.362,1572935481791,1.33,0.027000000000000003,39.656,0.664,3.0,-0.006999999999999999,20.845,-0.003,0.118,131.55100000000002,-0.249,-0.5329999999999999
00:00:12.412,1572935481841,1.329,0.026,39.656,0.664,3.0,-0.006999999999999999,20.867,-0.003,0.118,131.899,-0.25,-0.5329999999999999
00:00:12.413,1572935481842,1.329,0.026,39.656,0.664,3.0,-0.006999999999999999,20.889,-0.003,0.118,132.247,-0.252,-0.5329999999999999
00:00:12.414,1572935481843,1.328,0.025,39.656,0.664,3.0,-0.006999999999999999,20.911,-0.003,0.118,132.595,-0.253,-0.5329999999999999
00:00:12.415,1572935481844,1.327,0.024,39.656,0.664,3.0,-0.006999999999999999,20.933000000000003,-0.002,0.118,132.944,-0.255,-0.5329999999999999
00:00:12.463,1572935481892,1.327,0.023,39.656,0.664,3.0,-0.006999999999999999,20.955,-0.002,0.118,133.293,-0.257,-0.5329999999999999
00:00:12.464,1572935481893,1.3259999999999998,0.023,39.656,0.664,3.0,-0.006999999999999999,20.978,-0.002,0.118,133.643,-0.258,-0.5329999999999999
00:00:12.465,1572935481894,1.3259999999999998,0.022,39.656,0.664,3.0,-0.008,21.0,-0.002,0.118,133.99200000000002,-0.26,-0.5329999999999999
00:00:12.514,1572935481943,1.325,0.022,39.656,0.664,3.0,-0.008,21.022,-0.002,0.119,134.343,-0.261,-0.5329999999999999
00:00:12.515,1572935481944,1.324,0.021,39.656,0.664,3.0,-0.008,21.044,-0.002,0.119,134.69299999999998,-0.263,-0.5329999999999999
00:00:12.516,1572935481945,1.324,0.021,39.656,0.664,3.0,-0.008,21.066,-0.002,0.119,135.04399999999998,-0.264,-0.5329999999999999
00:00:12.564,1572935481993,1.3230000000000002,0.02,39.656,0.664,3.0,-0.008,21.088,-0.002,0.119,135.395,-0.266,-0.5329999999999999
00:00:12.565,1572935481994,1.3230000000000002,0.02,39.656,0.664,3.0,-0.008,21.11,-0.002,0.119,135.747,-0.267,-0.5329999999999999
00:00:12.566,1572935481995,1.3219999999999998,0.019,39.656,0.664,3.0,-0.008,21.132,-0.002,0.119,136.099,-0.269,-0.5329999999999999
00:00:12.615,1572935482044,1.3219999999999998,0.019,39.656,0.664,3.0,-0.008,21.154,-0.002,0.119,136.451,-0.271,-0.5329999999999999
00:00:12.616,1572935482045,1.321,0.019,39.656,0.664,3.0,-0.008,21.176,-0.002,0.119,136.804,-0.272,-0.5329999999999999
00:00:12.617,1572935482046,1.32,0.018000000000000002,39.656,0.664,3.0,-0.008,21.198,-0.002,0.119,137.157,-0.274,-0.5329999999999999
00:00:12.665,1572935482094,1.32,0.018000000000000002,39.656,0.664,3.0,-0.006999999999999999,21.22,-0.001,0.119,137.511,-0.275,-0.5329999999999999
00:00:12.666,1572935482095,1.319,0.017,39.656,0.664,3.0,-0.006999999999999999,21.242,-0.001,0.119,137.864,-0.277,-0.5329999999999999
00:00:12.667,1572935482096,1.319,0.017,39.656,0.664,3.0,-0.006999999999999999,21.264,-0.001,0.119,138.219,-0.278,-0.5329999999999999
00:00:12.715,1572935482144,1.318,0.017,39.656,0.664,3.0,-0.006999999999999999,21.286,-0.001,0.119,138.57299999999998,-0.28,-0.5329999999999999
00:00:12.716,1572935482145,1.318,0.017,39.656,0.664,3.0,-0.006999999999999999,21.308000000000003,-0.001,0.119,138.928,-0.281,-0.5329999999999999
00:00:12.717,1572935482146,1.317,0.016,39.656,0.664,3.0,-0.006999999999999999,21.33,-0.001,0.119,139.284,-0.28300000000000003,-0.5329999999999999
00:00:12.765,1572935482194,1.3159999999999998,0.016,39.656,0.664,3.0,-0.006999999999999999,21.352,-0.001,0.119,139.639,-0.284,-0.5329999999999999
00:00:12.766,1572935482195,1.3159999999999998,0.016,39.656,0.664,3.0,-0.006999999999999999,21.374,-0.001,0.119,139.995,-0.28600000000000003,-0.5329999999999999
00:00:12.767,1572935482196,1.315,0.016,39.656,0.664,3.0,-0.006999999999999999,21.396,-0.001,0.119,140.352,-0.287,-0.5329999999999999
00:00:12.816,1572935482245,1.315,0.016,39.656,0.664,3.0,-0.006999999999999999,21.417,-0.001,0.119,140.708,-0.289,-0.5329999999999999
00:00:12.817,1572935482246,1.314,0.016,39.656,0.664,3.0,-0.006999999999999999,21.439,-0.001,0.119,141.066,-0.29,-0.5329999999999999
00:00:12.818,1572935482247,1.3130000000000002,0.016,39.656,0.664,3.0,-0.006999999999999999,21.461,-0.001,0.119,141.423,-0.292,-0.5329999999999999
00:00:12.867,1572935482296,1.3130000000000002,0.016,39.656,0.664,3.0,-0.006999999999999999,21.483,-0.001,0.12,141.781,-0.293,-0.5329999999999999
00:00:12.868,1572935482297,1.3119999999999998,0.016,39.656,0.664,3.0,-0.006999999999999999,21.505,-0.001,0.12,142.139,-0.295,-0.5329999999999999
00:00:12.869,1572935482298,1.3119999999999998,0.015,39.656,0.664,3.0,-0.006999999999999999,21.527,-0.001,0.12,142.498,-0.29600000000000004,-0.5329999999999999
00:00:12.920,1572935482349,1.311,0.015,39.656,0.664,3.0,-0.006999999999999999,21.549,-0.001,0.12,142.857,-0.298,-0.5329999999999999
00:00:12.921,1572935482350,1.311,0.015,39.656,0.664,3.0,-0.006999999999999999,21.57,-0.001,0.12,143.216,-0.299,-0.5329999999999999
00:00:12.922,1572935482351,1.31,0.014,39.656,0.664,3.0,-0.006999999999999999,21.592,-0.001,0.12,143.576,-0.3,-0.5329999999999999
00:00:12.968,1572935482397,1.3090000000000002,0.014,39.656,0.664,3.0,-0.006999999999999999,21.614,-0.001,0.12,143.936,-0.302,-0.5329999999999999
00:00:12.969,1572935482398,1.3090000000000002,0.013,39.656,0.664,3.0,-0.006999999999999999,21.636,-0.001,0.12,144.296,-0.303,-0.5329999999999999
00:00:12.970,1572935482399,1.308,0.013,39.656,0.664,3.0,-0.006999999999999999,21.658,-0.001,0.12,144.657,-0.305,-0.5329999999999999
00:00:13.018,1572935482447,1.308,0.012,39.656,0.664,3.0,-0.006999999999999999,21.679,-0.001,0.12,145.018,-0.306,-0.5329999999999999
00:00:13.019,1572935482448,1.307,0.012,39.656,0.664,3.0,-0.006,21.701,-0.001,0.12,145.38,-0.308,-0.5329999999999999
00:00:13.020,1572935482449,1.307,0.012,39.656,0.664,3.0,-0.006,21.72300000000001,-0.001,0.12,145.74200000000005,-0.309,-0.5329999999999999
00:00:13.068,1572935482497,1.306,0.012,39.656,0.664,3.0,-0.006,21.745,-0.001,0.12,146.10399999999996,-0.311,-0.5329999999999999
00:00:13.069,1572935482498,1.305,0.012,39.656,0.664,3.0,-0.006,21.767,-0.001,0.12,146.466,-0.312,-0.5329999999999999
00:00:13.070,1572935482499,1.305,0.012,39.656,0.664,3.0,-0.006,21.788,-0.001,0.12,146.829,-0.314,-0.5329999999999999
00:00:13.118,1572935482547,1.304,0.012,39.656,0.664,3.0,-0.006,21.81,-0.001,0.12,147.19299999999996,-0.315,-0.5329999999999999
00:00:13.119,1572935482548,1.304,0.012,39.656,0.664,3.0,-0.006,21.832,-0.001,0.12,147.556,-0.317,-0.5329999999999999
00:00:13.120,1572935482549,1.3030000000000002,0.012,39.656,0.664,3.0,-0.006,21.853,-0.001,0.12,147.92,-0.318,-0.5329999999999999
00:00:13.171,1572935482600,1.3030000000000002,0.012,39.656,0.664,3.0,-0.006,21.875,-0.001,0.12,148.285,-0.319,-0.5329999999999999
00:00:13.172,1572935482601,1.3019999999999998,0.012,39.656,0.664,3.0,-0.006,21.897,-0.001,0.121,148.65,-0.321,-0.5329999999999999
00:00:13.173,1572935482602,1.301,0.012,39.656,0.664,3.0,-0.006,21.919,-0.001,0.121,149.015,-0.322,-0.5329999999999999
00:00:13.226,1572935482655,1.301,0.011,39.656,0.664,3.0,-0.006,21.94,-0.001,0.121,149.38,-0.324,-0.5329999999999999
00:00:13.227,1572935482656,1.3,0.011,39.656,0.664,3.0,-0.006,21.962,-0.001,0.121,149.746,-0.325,-0.5329999999999999
00:00:13.228,1572935482657,1.3,0.011,39.656,0.664,3.0,-0.006,21.983,-0.001,0.121,150.112,-0.327,-0.5329999999999999
00:00:13.270,1572935482699,1.2990000000000002,0.011,39.656,0.664,3.0,-0.006,22.005,-0.001,0.121,150.47899999999996,-0.328,-0.5329999999999999
00:00:13.271,1572935482700,1.2990000000000002,0.011,39.656,0.664,3.0,-0.005,22.027,-0.001,0.121,150.846,-0.33,-0.5329999999999999
00:00:13.272,1572935482701,1.298,0.011,39.656,0.664,3.0,-0.005,22.048,-0.001,0.121,151.213,-0.331,-0.5329999999999999
00:00:13.323,1572935482752,1.297,0.011,39.656,0.664,3.0,-0.005,22.07,-0.001,0.121,151.58100000000005,-0.332,-0.5329999999999999
00:00:13.324,1572935482753,1.297,0.011,39.656,0.664,3.0,-0.005,22.092,-0.001,0.121,151.94899999999996,-0.334,-0.5329999999999999
00:00:13.325,1572935482754,1.296,0.011,39.656,0.664,3.0,-0.005,22.113000000000003,-0.001,0.121,152.317,-0.335,-0.5329999999999999
00:00:13.377,1572935482806,1.296,0.011,39.656,0.664,3.0,-0.005,22.135,-0.001,0.121,152.686,-0.337,-0.5329999999999999
00:00:13.378,1572935482807,1.295,0.011,39.656,0.664,3.0,-0.005,22.156,-0.001,0.121,153.055,-0.338,-0.5329999999999999
00:00:13.379,1572935482808,1.294,0.011,39.656,0.664,3.0,-0.005,22.178,-0.001,0.121,153.424,-0.34,-0.5329999999999999
00:00:13.432,1572935482861,1.294,0.011,39.51,0.664,3.0,-0.005,22.199,-0.001,0.121,153.79399999999995,-0.341,-0.5329999999999999
00:00:13.433,1572935482862,1.293,0.011,39.51,0.664,3.0,-0.005,22.221,-0.001,0.121,154.164,-0.342,-0.5329999999999999
00:00:13.434,1572935482863,1.2919999999999998,0.011,39.51,0.664,3.0,-0.005,22.243,-0.001,0.121,154.535,-0.344,-0.5329999999999999
00:00:13.435,1572935482864,1.291,0.011,39.51,0.664,3.0,-0.005,22.264,-0.001,0.121,154.906,-0.345,-0.5329999999999999
00:00:13.483,1572935482912,1.289,0.011,39.51,0.664,3.0,-0.005,22.286,-0.001,0.121,155.27700000000004,-0.34700000000000003,-0.5329999999999999
00:00:13.484,1572935482913,1.288,0.011,39.51,0.664,3.0,-0.005,22.307,-0.001,0.121,155.649,-0.348,-0.5329999999999999
00:00:13.485,1572935482914,1.288,0.011,39.29,0.664,3.0,-0.005,22.32800000000001,-0.001,0.121,156.02100000000004,-0.349,-0.5329999999999999
00:00:13.534,1572935482963,1.287,0.011,39.29,0.664,3.0,-0.005,22.351,-0.001,0.121,156.416,-0.35100000000000003,-0.5329999999999999
00:00:13.535,1572935482964,1.286,0.011,39.29,0.664,3.0,-0.005,22.371,-0.001,0.122,156.766,-0.35200000000000004,-0.5329999999999999
00:00:13.536,1572935482965,1.284,0.011,39.29,0.664,3.0,-0.005,22.393,-0.001,0.122,157.139,-0.354,-0.5329999999999999
00:00:13.588,1572935483017,1.2819999999999998,0.011,39.29,0.664,3.0,-0.005,22.414,-0.001,0.122,157.512,-0.355,-0.5329999999999999
00:00:13.589,1572935483018,1.281,0.011,39.29,0.664,3.0,-0.005,22.435,-0.001,0.122,157.886,-0.35600000000000004,-0.5329999999999999
00:00:13.590,1572935483019,1.28,0.011,29.476,0.664,3.0,-0.005,22.457,-0.001,0.122,158.26,-0.358,-0.5329999999999999
00:00:13.642,1572935483071,1.279,0.011,29.476,0.664,3.0,-0.005,22.478,-0.001,0.122,158.634,-0.359,-0.5329999999999999
00:00:13.643,1572935483072,1.294,0.011,29.476,0.664,3.0,-0.005,22.5,-0.001,0.122,159.009,-0.361,-0.5329999999999999
00:00:13.644,1572935483073,1.3219999999999998,0.011,29.476,0.664,3.0,-0.005,22.522,-0.001,0.122,159.384,-0.362,-0.5329999999999999
00:00:13.692,1572935483121,1.34,0.012,29.476,0.664,3.0,-0.005,22.545,-0.001,0.122,159.76,-0.363,-0.5329999999999999
00:00:13.693,1572935483122,1.332,0.012,29.476,0.664,3.0,-0.005,22.567,-0.001,0.123,160.136,-0.365,-0.5329999999999999
00:00:13.694,1572935483123,1.296,0.012,10.139,1.128,3.0,-0.005,22.588,-0.001,0.123,160.512,-0.366,-0.5329999999999999
00:00:13.743,1572935483172,1.189,0.012,10.139,1.128,3.0,-0.005,22.605,-0.001,0.122,160.889,-0.368,-0.5329999999999999
00:00:13.744,1572935483173,0.909,0.012,10.139,1.128,3.0,-0.005,22.615,-0.001,0.121,161.266,-0.369,-0.5329999999999999
00:00:13.745,1572935483174,0.479,0.012,10.139,1.128,3.0,-0.005,22.617,-0.001,0.116,161.643,-0.37,-0.5329999999999999
00:00:13.801,1572935483230,0.19,0.012,10.139,1.128,3.0,-0.005,22.618,-0.001,0.111,162.02,-0.3720000000000001,-0.5329999999999999
00:00:13.802,1572935483231,0.099,0.013,10.139,1.128,3.0,-0.005,22.619,-0.001,0.104,162.39700000000005,-0.373,-0.5329999999999999
00:00:13.803,1572935483232,0.1,0.013,1.936,0.664,3.0,-0.005,22.621,-0.001,0.096,162.774,-0.375,-0.5329999999999999
00:00:13.804,1572935483233,0.113,0.013,1.936,0.664,3.0,-0.005,22.623,-0.001,0.08800000000000001,163.151,-0.376,-0.5329999999999999
00:00:13.852,1572935483281,0.05,0.013,1.936,0.664,3.0,-0.005,22.622,-0.001,0.078,163.528,-0.377,-0.5329999999999999
00:00:13.853,1572935483282,-0.08800000000000001,0.013,1.936,0.664,3.0,-0.005,22.619,-0.001,0.068,163.905,-0.379,-0.5329999999999999
00:00:13.854,1572935483283,-0.151,0.013,1.936,0.664,3.0,-0.005,22.616,-0.001,0.057,164.282,-0.38,-0.5329999999999999
00:00:13.902,1572935483331,-0.14400000000000002,0.013,1.936,0.664,3.0,-0.005,22.614,-0.001,0.046,164.658,-0.381,-0.5329999999999999
00:00:13.903,1572935483332,-0.156,0.013,1.643,0.664,3.0,-0.005,22.611,-0.001,0.034,165.035,-0.383,-0.5329999999999999
00:00:13.904,1572935483333,-0.172,0.012,1.643,0.664,3.0,-0.005,22.608,-0.001,0.023,165.412,-0.384,-0.5329999999999999
00:00:13.953,1572935483382,-0.188,0.012,1.643,0.664,3.0,-0.005,22.605,-0.001,0.011,165.78900000000004,-0.385,-0.5329999999999999
00:00:13.954,1572935483383,-0.197,0.012,1.643,0.664,3.0,-0.005,22.601,-0.001,-0.001,166.166,-0.387,-0.532
00:00:13.955,1572935483384,-0.205,0.012,1.643,0.664,3.0,-0.005,22.59800000000001,-0.001,-0.012,166.542,-0.388,-0.532
00:00:14.003,1572935483432,-0.211,0.012,1.643,0.664,3.0,-0.005,22.594,-0.001,-0.024,166.919,-0.389,-0.532
00:00:14.004,1572935483433,-0.21600000000000005,0.012,1.936,0.664,3.0,-0.005,22.591,-0.001,-0.035,167.295,-0.391,-0.532
00:00:14.005,1572935483434,-0.217,0.012,1.936,0.664,3.0,-0.005,22.587,-0.001,-0.045,167.672,-0.392,-0.532
00:00:14.053,1572935483482,-0.218,0.012,1.936,0.664,3.0,-0.005,22.583,-0.001,-0.056,168.048,-0.393,-0.532
00:00:14.054,1572935483483,-0.221,0.012,1.936,0.664,3.0,-0.005,22.579,-0.001,-0.065,168.425,-0.395,-0.532
00:00:14.055,1572935483484,-0.224,0.012,1.936,0.664,3.0,-0.005,22.576,-0.001,-0.07400000000000001,168.801,-0.396,-0.532
00:00:14.104,1572935483533,-0.228,0.012,1.936,0.664,3.0,-0.005,22.572,-0.001,-0.08199999999999999,169.17700000000005,-0.397,-0.531
00:00:14.105,1572935483534,-0.231,0.012,2.082,0.664,3.0,-0.005,22.568,-0.001,-0.09,169.553,-0.399,-0.531
00:00:14.106,1572935483535,-0.232,0.012,2.082,0.664,3.0,-0.005,22.564,-0.001,-0.097,169.929,-0.4,-0.531
00:00:14.154,1572935483583,-0.233,0.012,2.082,0.664,3.0,-0.005,22.56,-0.001,-0.103,170.30599999999995,-0.401,-0.531
00:00:14.155,1572935483584,-0.235,0.013,2.082,0.664,3.0,-0.005,22.556,-0.001,-0.108,170.68099999999995,-0.403,-0.531
00:00:14.156,1572935483585,-0.237,0.013,2.082,0.664,3.0,-0.005,22.552,-0.001,-0.113,171.05700000000004,-0.404,-0.531
00:00:14.207,1572935483636,-0.239,0.013,2.082,0.664,3.0,-0.005,22.548,-0.001,-0.117,171.433,-0.405,-0.531
00:00:14.208,1572935483637,-0.241,0.014,2.302,0.664,3.0,-0.005,22.544,-0.001,-0.119,171.832,-0.407,-0.532
00:00:14.209,1572935483638,-0.239,0.014,2.302,0.664,3.0,-0.005,22.54,-0.001,-0.121,172.185,-0.408,-0.532
00:00:14.257,1572935483686,-0.238,0.014,2.302,0.664,3.0,-0.005,22.536,-0.001,-0.122,172.56,-0.409,-0.532
00:00:14.258,1572935483687,-0.238,0.014,2.302,0.664,3.0,-0.005,22.532,-0.001,-0.122,172.93599999999995,-0.41,-0.532
00:00:14.259,1572935483688,-0.239,0.014,2.302,0.664,3.0,-0.005,22.528,-0.001,-0.122,173.31099999999995,-0.412,-0.532
00:00:14.308,1572935483737,-0.24,0.014,2.302,0.664,3.0,-0.005,22.524,-0.001,-0.121,173.687,-0.413,-0.5329999999999999
00:00:14.309,1572935483738,-0.242,0.014,2.082,0.664,3.0,-0.005,22.52,-0.001,-0.119,174.062,-0.414,-0.5329999999999999
00:00:14.310,1572935483739,-0.246,0.015,2.082,0.664,3.0,-0.005,22.516,-0.001,-0.117,174.438,-0.415,-0.5329999999999999
00:00:14.364,1572935483793,-0.249,0.015,2.082,0.664,3.0,-0.005,22.512,-0.001,-0.115,174.813,-0.417,-0.5329999999999999
00:00:14.365,1572935483794,-0.251,0.015,2.082,0.664,3.0,-0.005,22.50800000000001,-0.001,-0.112,175.188,-0.418,-0.5329999999999999
00:00:14.366,1572935483795,-0.252,0.015,2.082,0.664,3.0,-0.005,22.503,-0.001,-0.109,175.563,-0.419,-0.534
00:00:14.367,1572935483796,-0.253,0.015,2.082,0.664,3.0,-0.005,22.499,-0.001,-0.106,175.938,-0.42,-0.534
00:00:14.417,1572935483846,-0.253,0.016,2.302,0.664,3.0,-0.005,22.495,-0.001,-0.103,176.313,-0.422,-0.534
00:00:14.418,1572935483847,-0.251,0.016,2.302,0.664,3.0,-0.005,22.491,-0.001,-0.1,176.688,-0.423,-0.534
00:00:14.419,1572935483848,-0.249,0.016,2.302,0.664,3.0,-0.005,22.487,-0.001,-0.097,177.063,-0.424,-0.534
00:00:14.468,1572935483897,-0.248,0.016,2.302,0.664,3.0,-0.005,22.483,-0.001,-0.094,177.437,-0.425,-0.535
00:00:14.469,1572935483898,-0.248,0.017,2.302,0.664,3.0,-0.005,22.479,-0.001,-0.092,177.812,-0.426,-0.535
00:00:14.470,1572935483899,-0.249,0.017,2.302,0.664,3.0,-0.005,22.474,-0.001,-0.08900000000000001,178.187,-0.428,-0.535
00:00:14.518,1572935483947,-0.249,0.018000000000000002,2.302,0.664,3.0,-0.005,22.47,-0.001,-0.087,178.56099999999995,-0.429,-0.535
00:00:14.519,1572935483948,-0.249,0.02,2.302,0.664,3.0,-0.005,22.466,-0.001,-0.084,178.93599999999995,-0.43,-0.535
00:00:14.520,1572935483949,-0.25,0.022,2.302,0.664,3.0,-0.005,22.462,-0.001,-0.08199999999999999,179.31,-0.431,-0.535
00:00:14.568,1572935483997,-0.25,0.024,2.302,0.664,3.0,-0.005,22.458,-0.001,-0.08,179.68400000000003,-0.4320000000000001,-0.535
00:00:14.569,1572935483998,-0.25,0.027000000000000003,2.302,0.664,3.0,-0.005,22.454,-0.001,-0.079,180.05900000000003,-0.434,-0.535
00:00:14.570,1572935483999,-0.251,0.029,2.302,0.664,3.0,-0.005,22.449,-0.001,-0.077,180.433,-0.435,-0.535
00:00:14.621,1572935484050,-0.251,0.032,2.448,0.664,3.0,-0.005,22.445,-0.001,-0.076,180.807,-0.436,-0.535
00:00:14.622,1572935484051,-0.249,0.035,2.448,0.664,3.0,-0.006,22.441,-0.001,-0.075,181.181,-0.4370000000000001,-0.535
00:00:14.623,1572935484052,-0.247,0.038,2.448,0.664,3.0,-0.006,22.437,-0.001,-0.075,181.555,-0.438,-0.535
00:00:14.672,1572935484101,-0.247,0.041,2.448,0.664,3.0,-0.006,22.433000000000003,-0.001,-0.07400000000000001,181.929,-0.439,-0.535
00:00:14.673,1572935484102,-0.247,0.043,2.448,0.664,3.0,-0.006,22.429,-0.001,-0.07400000000000001,182.303,-0.44,-0.535
00:00:14.674,1572935484103,-0.247,0.046,2.448,0.664,3.0,-0.006999999999999999,22.425,-0.001,-0.073,182.677,-0.442,-0.535
00:00:14.728,1572935484157,-0.246,0.049,5.4510000000000005,0.664,3.0,-0.006999999999999999,22.421,-0.001,-0.073,183.05,-0.443,-0.535
00:00:14.729,1572935484158,-0.241,0.051,5.4510000000000005,0.664,3.0,-0.008,22.417,-0.001,-0.073,183.424,-0.444,-0.535
00:00:14.730,1572935484159,-0.228,0.053,5.4510000000000005,0.664,3.0,-0.008,22.413,-0.001,-0.073,183.798,-0.445,-0.535
00:00:14.731,1572935484160,-0.21,0.055,5.4510000000000005,0.664,3.0,-0.009000000000000001,22.41,-0.001,-0.073,184.171,-0.446,-0.535
00:00:14.778,1572935484207,-0.19,0.057,5.4510000000000005,0.664,3.0,-0.009000000000000001,22.407,-0.001,-0.073,184.545,-0.447,-0.535
00:00:14.779,1572935484208,-0.172,0.058,5.4510000000000005,0.664,3.0,-0.01,22.404,-0.002,-0.073,184.918,-0.448,-0.535
00:00:14.780,1572935484209,-0.158,0.06,8.967,0.664,3.0,-0.01,22.402,-0.002,-0.073,185.291,-0.449,-0.535
00:00:14.829,1572935484258,-0.14400000000000002,0.061,8.967,0.664,3.0,-0.011,22.4,-0.002,-0.073,185.665,-0.45,-0.535
00:00:14.830,1572935484259,-0.122,0.062,8.967,0.664,3.0,-0.011,22.398000000000003,-0.003,-0.07200000000000001,186.038,-0.451,-0.535
00:00:14.831,1572935484260,-0.08800000000000001,0.063,8.967,0.664,3.0,-0.012,22.397,-0.003,-0.07200000000000001,186.435,-0.452,-0.535
00:00:14.880,1572935484309,-0.058,0.063,8.967,0.664,3.0,-0.012,22.397,-0.003,-0.071,186.785,-0.453,-0.535
00:00:14.881,1572935484310,-0.022,0.064,11.97,0.664,3.0,-0.013,22.396,-0.004,-0.068,187.578,-0.455,-0.534
00:00:14.930,1572935484359,-0.02,0.065,11.97,0.664,3.0,-0.014,22.396,-0.004,-0.068,187.694,-0.455,-0.534
00:00:14.931,1572935484360,-0.017,0.065,11.97,0.664,3.0,-0.014,22.396,-0.004,-0.067,187.904,-0.455,-0.534
00:00:14.932,1572935484361,-0.006,0.065,11.97,0.664,3.0,-0.014,22.396,-0.005,-0.065,188.278,-0.456,-0.534
00:00:14.933,1572935484362,0.012,0.065,11.97,0.664,3.0,-0.015,22.396,-0.005,-0.064,188.651,-0.457,-0.534
00:00:14.980,1572935484409,0.032,0.065,11.97,0.664,3.0,-0.015,22.397,-0.005,-0.061,189.024,-0.458,-0.534
00:00:14.981,1572935484410,0.05,0.065,11.97,0.664,3.0,-0.016,22.398000000000003,-0.005,-0.059,189.398,-0.459,-0.534
00:00:14.982,1572935484411,0.062,0.065,12.117,0.664,3.0,-0.016,22.399,-0.006,-0.056,189.771,-0.459,-0.534
00:00:15.037,1572935484466,0.069,0.065,12.117,0.664,3.0,-0.016,22.401,-0.006,-0.054000000000000006,190.144,-0.46,-0.534
00:00:15.038,1572935484467,0.071,0.064,12.117,0.664,3.0,-0.017,22.402,-0.006,-0.051,190.518,-0.461,-0.534
00:00:15.039,1572935484468,0.07,0.064,12.117,0.664,3.0,-0.017,22.403,-0.006,-0.048,190.891,-0.462,-0.534
00:00:15.088,1572935484517,0.069,0.063,12.117,0.664,3.0,-0.017,22.404,-0.006,-0.046,191.264,-0.462,-0.534
00:00:15.089,1572935484518,0.067,0.063,12.117,0.664,3.0,-0.017,22.405,-0.006,-0.043,191.638,-0.463,-0.534
00:00:15.090,1572935484519,0.066,0.062,12.117,0.664,3.0,-0.018000000000000002,22.406,-0.006,-0.041,192.011,-0.464,-0.534
00:00:15.142,1572935484571,0.065,0.061,12.117,0.664,3.0,-0.018000000000000002,22.407,-0.006,-0.039,192.385,-0.464,-0.534
00:00:15.143,1572935484572,0.065,0.06,12.117,0.664,3.0,-0.018000000000000002,22.408,-0.005,-0.037000000000000005,192.758,-0.465,-0.534
00:00:15.144,1572935484573,0.065,0.059,12.117,0.664,3.0,-0.018000000000000002,22.41,-0.005,-0.035,193.132,-0.466,-0.534
00:00:15.189,1572935484618,0.065,0.058,12.117,0.664,3.0,-0.018000000000000002,22.411,-0.005,-0.033,193.505,-0.466,-0.534
00:00:15.190,1572935484619,0.065,0.057,12.117,0.664,3.0,-0.018000000000000002,22.412,-0.005,-0.032,193.879,-0.467,-0.534
00:00:15.191,1572935484620,0.065,0.056,12.117,0.664,3.0,-0.018000000000000002,22.413,-0.005,-0.031,194.252,-0.467,-0.534
00:00:15.240,1572935484669,0.065,0.055,12.117,0.664,3.0,-0.018000000000000002,22.414,-0.005,-0.03,194.626,-0.468,-0.534
00:00:15.241,1572935484670,0.065,0.054000000000000006,12.117,0.664,3.0,-0.018000000000000002,22.415,-0.004,-0.03,194.999,-0.468,-0.534
00:00:15.242,1572935484671,0.065,0.053,12.117,0.664,3.0,-0.019,22.416,-0.004,-0.03,195.373,-0.469,-0.534
00:00:15.290,1572935484719,0.065,0.052000000000000005,12.117,0.664,3.0,-0.019,22.417,-0.004,-0.03,195.746,-0.469,-0.534
00:00:15.291,1572935484720,0.065,0.051,12.117,0.664,3.0,-0.019,22.41800000000001,-0.004,-0.03,196.12,-0.47,-0.534
00:00:15.292,1572935484721,0.065,0.05,14.094,0.664,3.0,-0.019,22.419,-0.004,-0.03,196.49400000000003,-0.47,-0.534
00:00:15.340,1572935484769,0.068,0.049,14.094,0.664,3.0,-0.019,22.42,-0.004,-0.03,196.867,-0.471,-0.534
00:00:15.341,1572935484770,0.08,0.048,14.094,0.664,3.0,-0.018000000000000002,22.422,-0.003,-0.031,197.241,-0.471,-0.534
00:00:15.342,1572935484771,0.098,0.047,14.094,0.664,3.0,-0.018000000000000002,22.424,-0.003,-0.031,197.615,-0.472,-0.534
00:00:15.390,1572935484819,0.116,0.047,14.094,0.664,3.0,-0.018000000000000002,22.426,-0.003,-0.031,197.988,-0.472,-0.534
00:00:15.391,1572935484820,0.131,0.046,14.094,0.664,3.0,-0.018000000000000002,22.428,-0.003,-0.031,198.362,-0.473,-0.534
00:00:15.392,1572935484821,0.14,0.045,14.46,0.664,3.0,-0.018000000000000002,22.431,-0.003,-0.031,198.736,-0.473,-0.534
00:00:15.442,1572935484871,0.146,0.045,14.46,0.664,3.0,-0.018000000000000002,22.433000000000003,-0.003,-0.031,199.11,-0.474,-0.534
00:00:15.443,1572935484872,0.149,0.045,14.46,0.664,3.0,-0.018000000000000002,22.436,-0.003,-0.031,199.484,-0.474,-0.534
00:00:15.444,1572935484873,0.151,0.044,14.46,0.664,3.0,-0.018000000000000002,22.439,-0.003,-0.031,199.881,-0.474,-0.534
00:00:15.493,1572935484922,0.153,0.044,14.46,0.664,3.0,-0.018000000000000002,22.441,-0.003,-0.031,200.232,-0.475,-0.534
00:00:15.494,1572935484923,0.154,0.044,14.46,0.664,3.0,-0.018000000000000002,22.44400000000001,-0.003,-0.031,200.629,-0.475,-0.534
00:00:15.495,1572935484924,0.154,0.044,14.46,0.664,3.0,-0.018000000000000002,22.446,-0.003,-0.031,200.98,-0.475,-0.534
00:00:15.496,1572935484925,0.154,0.044,14.46,0.664,3.0,-0.018000000000000002,22.449,-0.003,-0.031,201.354,-0.476,-0.534
00:00:15.543,1572935484972,0.154,0.044,14.46,0.664,3.0,-0.018000000000000002,22.451,-0.003,-0.031,201.728,-0.476,-0.534
00:00:15.544,1572935484973,0.154,0.044,14.46,0.664,3.0,-0.018000000000000002,22.454,-0.003,-0.031,202.102,-0.476,-0.534
00:00:15.545,1572935484974,0.153,0.044,14.46,0.664,3.0,-0.018000000000000002,22.456,-0.003,-0.031,202.477,-0.477,-0.534
00:00:15.594,1572935485023,0.153,0.045,14.46,0.664,3.0,-0.018000000000000002,22.459,-0.003,-0.03,202.851,-0.477,-0.534
00:00:15.595,1572935485024,0.153,0.046,14.827,0.664,3.0,-0.017,22.461,-0.003,-0.03,203.225,-0.477,-0.534
00:00:15.596,1572935485025,0.153,0.047,14.827,0.664,3.0,-0.017,22.464,-0.003,-0.03,203.6,-0.477,-0.534
00:00:15.645,1572935485074,0.155,0.048,14.827,0.664,3.0,-0.017,22.467,-0.003,-0.03,203.974,-0.478,-0.534
00:00:15.646,1572935485075,0.158,0.05,14.827,0.664,3.0,-0.017,22.469,-0.003,-0.03,204.349,-0.478,-0.534
00:00:15.647,1572935485076,0.161,0.051,14.827,0.664,3.0,-0.017,22.472,-0.003,-0.03,204.723,-0.478,-0.534
00:00:15.697,1572935485126,0.16399999999999998,0.051,14.827,0.664,3.0,-0.017,22.475,-0.003,-0.03,205.098,-0.478,-0.534
00:00:15.698,1572935485127,0.166,0.052000000000000005,16.145,0.664,3.0,-0.017,22.478,-0.003,-0.029,205.472,-0.478,-0.534
00:00:15.699,1572935485128,0.17,0.052000000000000005,16.145,0.664,3.0,-0.017,22.481,-0.003,-0.029,205.847,-0.479,-0.534
00:00:15.746,1572935485175,0.17800000000000002,0.052000000000000005,16.145,0.664,3.0,-0.017,22.484,-0.003,-0.029,206.222,-0.479,-0.534
00:00:15.747,1572935485176,0.189,0.053,16.145,0.664,3.0,-0.017,22.487,-0.003,-0.028,206.596,-0.479,-0.534
00:00:15.748,1572935485177,0.201,0.053,16.145,0.664,3.0,-0.017,22.49,-0.003,-0.028,206.971,-0.479,-0.534
00:00:15.797,1572935485226,0.211,0.053,16.145,0.664,3.0,-0.018000000000000002,22.494,-0.003,-0.027000000000000003,207.346,-0.479,-0.534
00:00:15.798,1572935485227,0.219,0.054000000000000006,16.292,0.664,3.0,-0.018000000000000002,22.498,-0.003,-0.027000000000000003,207.74400000000003,-0.479,-0.534
00:00:15.799,1572935485228,0.223,0.055,16.292,0.664,3.0,-0.018000000000000002,22.502,-0.003,-0.026,208.096,-0.479,-0.534
00:00:15.848,1572935485277,0.226,0.056,16.292,0.664,3.0,-0.018000000000000002,22.505,-0.003,-0.025,208.471,-0.479,-0.534
00:00:15.849,1572935485278,0.228,0.057,16.292,0.664,3.0,-0.018000000000000002,22.509,-0.003,-0.025,208.846,-0.479,-0.534
00:00:15.850,1572935485279,0.228,0.059,16.292,0.664,3.0,-0.018000000000000002,22.513,-0.003,-0.024,209.221,-0.479,-0.534
00:00:15.900,1572935485329,0.229,0.06,16.292,0.664,3.0,-0.018000000000000002,22.517,-0.003,-0.023,209.597,-0.479,-0.534
00:00:15.901,1572935485330,0.228,0.062,16.438,0.664,3.0,-0.018000000000000002,22.521,-0.004,-0.022,209.995,-0.479,-0.534
00:00:15.902,1572935485331,0.228,0.063,16.438,0.664,3.0,-0.018000000000000002,22.524,-0.004,-0.021,210.347,-0.479,-0.534
00:00:15.949,1572935485378,0.228,0.065,16.438,0.664,3.0,-0.018000000000000002,22.528,-0.004,-0.021,210.723,-0.479,-0.534
00:00:15.950,1572935485379,0.229,0.066,16.438,0.664,3.0,-0.019,22.532,-0.004,-0.02,211.098,-0.479,-0.534
00:00:15.951,1572935485380,0.23,0.067,16.438,0.664,3.0,-0.019,22.536,-0.004,-0.019,211.497,-0.479,-0.534
00:00:16.000,1572935485429,0.231,0.067,16.438,0.664,3.0,-0.019,22.54,-0.004,-0.018000000000000002,211.873,-0.479,-0.534
00:00:16.001,1572935485430,0.232,0.068,15.486,0.664,3.0,-0.019,22.544,-0.004,-0.018000000000000002,212.225,-0.479,-0.534
00:00:16.002,1572935485431,0.23,0.068,15.486,0.664,3.0,-0.019,22.547,-0.004,-0.017,212.601,-0.479,-0.534
00:00:16.050,1572935485479,0.224,0.068,15.486,0.664,3.0,-0.02,22.551,-0.004,-0.017,213.0,-0.479,-0.534
00:00:16.051,1572935485480,0.217,0.068,15.486,0.664,3.0,-0.02,22.555,-0.004,-0.017,213.353,-0.479,-0.534
00:00:16.052,1572935485481,0.208,0.068,15.486,0.664,3.0,-0.02,22.558000000000003,-0.004,-0.017,213.729,-0.478,-0.534
00:00:16.100,1572935485529,0.2,0.067,15.486,0.664,3.0,-0.02,22.561,-0.004,-0.017,214.128,-0.478,-0.534
00:00:16.101,1572935485530,0.193,0.067,4.939,0.664,3.0,-0.02,22.564,-0.005,-0.017,214.504,-0.478,-0.534
00:00:16.102,1572935485531,0.172,0.067,4.939,0.664,3.0,-0.021,22.567,-0.005,-0.017,214.88,-0.478,-0.534
00:00:16.150,1572935485579,0.121,0.067,4.939,0.664,3.0,-0.021,22.568,-0.005,-0.018000000000000002,215.233,-0.477,-0.534
00:00:16.151,1572935485580,0.039,0.067,4.939,0.664,3.0,-0.021,22.567,-0.005,-0.019,215.609,-0.477,-0.534
00:00:16.152,1572935485581,-0.05,0.067,4.939,0.664,3.0,-0.021,22.565,-0.005,-0.021,215.985,-0.477,-0.534
00:00:16.200,1572935485629,-0.134,0.067,4.939,0.664,3.0,-0.021,22.562,-0.005,-0.023,216.385,-0.476,-0.534
00:00:16.201,1572935485630,-0.179,0.067,2.448,0.664,3.0,-0.022,22.558000000000003,-0.005,-0.026,216.761,-0.476,-0.534
00:00:16.202,1572935485631,-0.198,0.067,2.448,0.664,3.0,-0.022,22.555,-0.005,-0.029,217.113,-0.476,-0.534
00:00:16.251,1572935485680,-0.215,0.067,2.448,0.664,3.0,-0.022,22.551,-0.005,-0.032,217.489,-0.475,-0.534
00:00:16.252,1572935485681,-0.243,0.068,2.448,0.664,3.0,-0.022,22.547,-0.005,-0.036000000000000004,217.888,-0.475,-0.534
00:00:16.253,1572935485682,-0.252,0.068,2.448,0.664,3.0,-0.022,22.54300000000001,-0.005,-0.039,218.24,-0.475,-0.534
00:00:16.303,1572935485732,-0.248,0.067,2.448,0.664,3.0,-0.022,22.538,-0.005,-0.043,218.64,-0.474,-0.534
00:00:16.304,1572935485733,-0.249,0.066,2.302,0.664,3.0,-0.023,22.534,-0.005,-0.047,218.992,-0.474,-0.534
00:00:16.305,1572935485734,-0.252,0.065,2.302,0.664,3.0,-0.023,22.53,-0.005,-0.051,219.391,-0.473,-0.534
00:00:16.355,1572935485784,-0.254,0.065,2.302,0.664,3.0,-0.023,22.526,-0.005,-0.055,219.766,-0.473,-0.534
00:00:16.356,1572935485785,-0.255,0.065,2.302,0.664,3.0,-0.023,22.521,-0.005,-0.059,220.142,-0.472,-0.534
00:00:16.357,1572935485786,-0.256,0.064,2.302,0.664,3.0,-0.023,22.517,-0.005,-0.062,220.493,-0.472,-0.534
00:00:16.406,1572935485835,-0.256,0.064,2.302,0.664,3.0,-0.023,22.513,-0.005,-0.066,220.892,-0.471,-0.534
00:00:16.407,1572935485836,-0.258,0.063,2.082,1.128,3.0,-0.023,22.509,-0.005,-0.07,221.24400000000003,-0.471,-0.534
00:00:16.408,1572935485837,-0.265,0.064,2.082,1.128,3.0,-0.023,22.504,-0.005,-0.073,221.61900000000003,-0.47,-0.534
00:00:16.456,1572935485885,-0.272,0.064,2.082,1.128,3.0,-0.023,22.499,-0.005,-0.077,222.017,-0.469,-0.534
00:00:16.457,1572935485886,-0.275,0.063,2.082,1.128,3.0,-0.023,22.495,-0.005,-0.08,222.36900000000003,-0.469,-0.534
00:00:16.458,1572935485887,-0.276,0.063,2.082,1.128,3.0,-0.024,22.49,-0.005,-0.083,222.767,-0.468,-0.534
00:00:16.506,1572935485935,-0.276,0.063,2.082,1.128,3.0,-0.024,22.485,-0.005,-0.086,223.142,-0.468,-0.534
00:00:16.507,1572935485936,-0.274,0.062,2.302,0.664,3.0,-0.024,22.481,-0.005,-0.08800000000000001,223.517,-0.467,-0.534
00:00:16.508,1572935485937,-0.267,0.061,2.302,0.664,3.0,-0.024,22.477,-0.005,-0.09,223.868,-0.466,-0.534
00:00:16.557,1572935485986,-0.26,0.06,2.302,0.664,3.0,-0.024,22.472,-0.005,-0.092,224.266,-0.465,-0.534
00:00:16.558,1572935485987,-0.257,0.06,2.302,0.664,3.0,-0.024,22.468000000000004,-0.005,-0.094,224.641,-0.465,-0.534
00:00:16.559,1572935485988,-0.256,0.06,2.302,0.664,3.0,-0.024,22.464,-0.004,-0.096,224.992,-0.464,-0.534
00:00:16.608,1572935486037,-0.256,0.059,2.302,0.664,3.0,-0.024,22.459,-0.004,-0.097,225.389,-0.463,-0.534
00:00:16.609,1572935486038,-0.255,0.059,2.815,0.664,3.0,-0.023,22.455,-0.004,-0.098,225.764,-0.463,-0.534
00:00:16.610,1572935486039,-0.251,0.059,2.815,0.664,3.0,-0.023,22.451,-0.004,-0.098,226.138,-0.462,-0.534
00:00:16.663,1572935486092,-0.243,0.058,2.815,0.664,3.0,-0.023,22.447,-0.004,-0.098,226.512,-0.461,-0.534
00:00:16.664,1572935486093,-0.236,0.057,2.815,0.664,3.0,-0.023,22.44400000000001,-0.004,-0.098,226.863,-0.46,-0.534
00:00:16.665,1572935486094,-0.236,0.057,2.815,0.664,3.0,-0.023,22.439,-0.004,-0.098,227.26,-0.459,-0.534
00:00:16.709,1572935486138,-0.236,0.056,2.815,0.664,3.0,-0.023,22.435,-0.004,-0.097,227.634,-0.458,-0.534
00:00:16.710,1572935486139,-0.236,0.056,4.133,0.664,3.0,-0.023,22.431,-0.004,-0.096,228.008,-0.458,-0.534
00:00:16.711,1572935486140,-0.234,0.055,4.133,0.664,3.0,-0.023,22.428,-0.004,-0.095,228.382,-0.457,-0.534
00:00:16.759,1572935486188,-0.228,0.054000000000000006,4.133,0.664,3.0,-0.023,22.424,-0.004,-0.094,228.756,-0.456,-0.534
00:00:16.760,1572935486189,-0.22,0.053,4.133,0.664,3.0,-0.023,22.42,-0.004,-0.093,229.129,-0.455,-0.534
00:00:16.761,1572935486190,-0.212,0.052000000000000005,4.133,0.664,3.0,-0.023,22.417,-0.004,-0.092,229.48,-0.454,-0.534
00:00:16.809,1572935486238,-0.205,0.052000000000000005,4.133,0.664,3.0,-0.022,22.414,-0.004,-0.09,229.876,-0.453,-0.534
00:00:16.810,1572935486239,-0.199,0.051,7.4289999999999985,0.664,3.0,-0.022,22.41,-0.004,-0.08800000000000001,230.25,-0.452,-0.534
00:00:16.811,1572935486240,-0.192,0.05,7.4289999999999985,0.664,3.0,-0.022,22.407,-0.004,-0.087,230.623,-0.451,-0.534
00:00:16.859,1572935486288,-0.17800000000000002,0.049,7.4289999999999985,0.664,3.0,-0.022,22.405,-0.004,-0.085,230.997,-0.45,-0.535
00:00:16.860,1572935486289,-0.154,0.049,7.4289999999999985,0.664,3.0,-0.022,22.402,-0.004,-0.083,231.37,-0.449,-0.535
00:00:16.861,1572935486290,-0.127,0.048,7.4289999999999985,0.664,3.0,-0.022,22.401,-0.004,-0.081,231.72,-0.448,-0.535
00:00:16.910,1572935486339,-0.099,0.047,7.4289999999999985,0.664,3.0,-0.022,22.399,-0.004,-0.078,232.117,-0.447,-0.535
00:00:16.911,1572935486340,-0.083,0.047,11.457,1.128,3.0,-0.021,22.398000000000003,-0.004,-0.076,232.49,-0.446,-0.535
00:00:16.912,1572935486341,-0.07400000000000001,0.047,11.457,1.128,3.0,-0.021,22.397,-0.004,-0.073,232.864,-0.445,-0.535
00:00:16.960,1572935486389,-0.056,0.046,11.457,1.128,3.0,-0.021,22.397,-0.004,-0.071,233.237,-0.444,-0.535
00:00:16.961,1572935486390,-0.028,0.046,11.457,1.128,3.0,-0.021,22.397,-0.004,-0.068,233.61,-0.443,-0.535
00:00:16.962,1572935486391,0.0,0.045,11.457,1.128,3.0,-0.021,22.397,-0.004,-0.065,233.983,-0.442,-0.535
00:00:16.963,1572935486392,0.022,0.045,11.457,1.128,3.0,-0.02,22.398000000000003,-0.003,-0.061,234.357,-0.441,-0.535
00:00:17.011,1572935486440,0.037000000000000005,0.044,11.604,0.664,3.0,-0.02,22.398000000000003,-0.003,-0.058,234.73,-0.44,-0.535
00:00:17.012,1572935486441,0.048,0.044,11.604,0.664,3.0,-0.02,22.399,-0.003,-0.055,235.103,-0.439,-0.535
00:00:17.013,1572935486442,0.053,0.044,11.604,0.664,3.0,-0.02,22.4,-0.003,-0.052000000000000005,235.477,-0.438,-0.535
00:00:17.062,1572935486491,0.053,0.044,11.604,0.664,3.0,-0.02,22.401,-0.003,-0.049,235.85,-0.436,-0.534
00:00:17.063,1572935486492,0.051,0.043,11.604,0.664,3.0,-0.02,22.402,-0.003,-0.045,236.223,-0.435,-0.534
00:00:17.064,1572935486493,0.049,0.043,11.604,0.664,3.0,-0.019,22.403,-0.003,-0.043,236.597,-0.434,-0.534
00:00:17.121,1572935486550,0.047,0.043,11.457,0.664,3.0,-0.019,22.403,-0.003,-0.04,236.97,-0.433,-0.534
00:00:17.122,1572935486551,0.046,0.042,11.457,0.664,3.0,-0.019,22.404,-0.003,-0.038,237.344,-0.4320000000000001,-0.534
00:00:17.123,1572935486552,0.045,0.042,11.457,0.664,3.0,-0.019,22.405,-0.003,-0.035,237.717,-0.431,-0.534
00:00:17.173,1572935486602,0.044,0.041,11.457,0.664,3.0,-0.019,22.406,-0.003,-0.034,238.09,-0.429,-0.534
00:00:17.174,1572935486603,0.043,0.041,11.457,0.664,3.0,-0.019,22.406,-0.003,-0.032,238.46400000000003,-0.428,-0.534
00:00:17.175,1572935486604,0.042,0.041,11.457,0.664,3.0,-0.018000000000000002,22.407,-0.003,-0.031,238.837,-0.4270000000000001,-0.534
00:00:17.221,1572935486650,0.041,0.041,12.117,0.664,3.0,-0.018000000000000002,22.408,-0.003,-0.03,239.211,-0.426,-0.534
00:00:17.222,1572935486651,0.042,0.041,12.117,0.664,3.0,-0.018000000000000002,22.408,-0.002,-0.029,239.584,-0.424,-0.534
00:00:17.223,1572935486652,0.045,0.041,12.117,0.664,3.0,-0.018000000000000002,22.409,-0.002,-0.029,239.958,-0.423,-0.534
00:00:17.271,1572935486700,0.051,0.041,12.117,0.664,3.0,-0.018000000000000002,22.41,-0.002,-0.029,240.331,-0.422,-0.534
00:00:17.272,1572935486701,0.057,0.041,12.117,0.664,3.0,-0.018000000000000002,22.411,-0.002,-0.029,240.705,-0.421,-0.534
00:00:17.273,1572935486702,0.062,0.041,12.117,0.664,3.0,-0.018000000000000002,22.412,-0.002,-0.029,241.078,-0.419,-0.534
00:00:17.322,1572935486751,0.065,0.041,12.117,0.664,3.0,-0.018000000000000002,22.413,-0.002,-0.029,241.452,-0.418,-0.534
00:00:17.323,1572935486752,0.067,0.042,12.117,0.664,3.0,-0.017,22.415,-0.002,-0.03,241.825,-0.417,-0.534
00:00:17.324,1572935486753,0.067,0.042,12.117,0.664,3.0,-0.017,22.416,-0.002,-0.031,242.199,-0.415,-0.534
00:00:17.373,1572935486802,0.066,0.042,12.117,0.664,3.0,-0.017,22.417,-0.002,-0.031,242.572,-0.414,-0.534
00:00:17.374,1572935486803,0.066,0.042,12.117,0.664,3.0,-0.017,22.41800000000001,-0.002,-0.032,242.946,-0.413,-0.534
00:00:17.375,1572935486804,0.065,0.042,12.117,0.664,3.0,-0.017,22.419,-0.002,-0.033,243.32,-0.411,-0.534
00:00:17.423,1572935486852,0.064,0.042,2.302,0.664,3.0,-0.017,22.42,-0.003,-0.033,243.693,-0.41,-0.534
00:00:17.424,1572935486853,0.051,0.043,2.302,0.664,3.0,-0.017,22.42,-0.003,-0.034,244.067,-0.409,-0.534
00:00:17.425,1572935486854,0.004,0.043,2.302,0.664,3.0,-0.017,22.42,-0.003,-0.035,244.441,-0.407,-0.534
00:00:17.474,1572935486903,-0.08,0.043,2.302,0.664,3.0,-0.017,22.417,-0.003,-0.037000000000000005,244.814,-0.406,-0.534
00:00:17.475,1572935486904,-0.174,0.044,2.302,0.664,3.0,-0.017,22.413,-0.003,-0.038,245.188,-0.404,-0.534
00:00:17.476,1572935486905,-0.252,0.046,2.302,0.664,3.0,-0.017,22.408,-0.003,-0.041,245.561,-0.403,-0.534
00:00:17.524,1572935486953,-0.295,0.048,1.276,0.664,3.0,-0.017,22.402,-0.003,-0.044,245.935,-0.401,-0.534
00:00:17.525,1572935486954,-0.293,0.047,1.276,0.664,3.0,-0.017,22.398000000000003,-0.003,-0.046,246.308,-0.4,-0.534
00:00:17.526,1572935486955,-0.278,0.045,1.276,0.664,3.0,-0.017,22.393,-0.003,-0.049,246.681,-0.399,-0.534
00:00:17.574,1572935487003,-0.285,0.046,1.276,0.664,3.0,-0.017,22.388,-0.003,-0.053,247.055,-0.397,-0.534
00:00:17.575,1572935487004,-0.293,0.047,1.276,0.664,3.0,-0.018000000000000002,22.38300000000001,-0.003,-0.056,247.428,-0.396,-0.534
00:00:17.576,1572935487005,-0.29,0.047,1.276,0.664,3.0,-0.018000000000000002,22.379,-0.003,-0.059,247.801,-0.394,-0.534
00:00:17.624,1572935487053,-0.29100000000000004,0.048,1.13,0.664,3.0,-0.018000000000000002,22.374,-0.003,-0.062,248.174,-0.392,-0.534
00:00:17.625,1572935487054,-0.294,0.048,1.13,0.664,3.0,-0.018000000000000002,22.369,-0.003,-0.065,248.546,-0.391,-0.534
00:00:17.626,1572935487055,-0.295,0.049,1.13,0.664,3.0,-0.018000000000000002,22.364,-0.003,-0.069,248.919,-0.389,-0.534
00:00:17.678,1572935487107,-0.295,0.049,1.13,0.664,3.0,-0.018000000000000002,22.359,-0.003,-0.07200000000000001,249.292,-0.388,-0.534
00:00:17.679,1572935487108,-0.29600000000000004,0.05,1.13,0.664,3.0,-0.018000000000000002,22.354,-0.003,-0.075,249.665,-0.386,-0.534
00:00:17.680,1572935487109,-0.295,0.05,1.13,0.664,3.0,-0.018000000000000002,22.349,-0.003,-0.078,250.037,-0.385,-0.534
00:00:17.681,1572935487110,-0.295,0.05,1.643,0.664,3.0,-0.018000000000000002,22.344,-0.004,-0.08,250.409,-0.383,-0.534
00:00:17.729,1572935487158,-0.28600000000000003,0.05,1.643,0.664,3.0,-0.018000000000000002,22.34,-0.004,-0.083,250.782,-0.381,-0.534
00:00:17.730,1572935487159,-0.28,0.05,1.643,0.664,3.0,-0.018000000000000002,22.335,-0.004,-0.085,251.154,-0.38,-0.534
00:00:17.731,1572935487160,-0.278,0.05,1.643,0.664,3.0,-0.018000000000000002,22.33,-0.004,-0.087,251.526,-0.378,-0.534
00:00:17.780,1572935487209,-0.277,0.05,1.643,0.664,3.0,-0.018000000000000002,22.326,-0.004,-0.08900000000000001,251.898,-0.376,-0.534
00:00:17.781,1572935487210,-0.277,0.051,1.643,0.664,3.0,-0.018000000000000002,22.321,-0.004,-0.091,252.271,-0.375,-0.534
00:00:17.782,1572935487211,-0.276,0.051,2.082,0.664,3.0,-0.018000000000000002,22.316,-0.004,-0.093,252.643,-0.373,-0.534
00:00:17.837,1572935487266,-0.269,0.05,2.082,0.664,3.0,-0.018000000000000002,22.312,-0.004,-0.094,253.014,-0.371,-0.534
00:00:17.838,1572935487267,-0.264,0.05,2.082,0.664,3.0,-0.018000000000000002,22.308000000000003,-0.004,-0.095,253.386,-0.37,-0.534
00:00:17.839,1572935487268,-0.262,0.049,2.082,0.664,3.0,-0.018000000000000002,22.303,-0.004,-0.096,253.758,-0.368,-0.534
00:00:17.887,1572935487316,-0.261,0.047,2.082,0.664,3.0,-0.018000000000000002,22.299,-0.004,-0.097,254.13,-0.366,-0.534
00:00:17.888,1572935487317,-0.261,0.045,2.082,0.664,3.0,-0.019,22.295,-0.004,-0.097,254.501,-0.364,-0.534
00:00:17.889,1572935487318,-0.261,0.042,2.815,0.664,3.0,-0.019,22.29,-0.004,-0.097,254.873,-0.363,-0.534
00:00:17.939,1572935487368,-0.254,0.039,2.815,0.664,3.0,-0.019,22.286,-0.004,-0.097,255.24400000000003,-0.361,-0.534
00:00:17.940,1572935487369,-0.244,0.034,2.815,0.664,3.0,-0.019,22.282,-0.004,-0.096,255.616,-0.359,-0.534
00:00:17.941,1572935487370,-0.235,0.03,2.815,0.664,3.0,-0.019,22.279,-0.005,-0.096,255.987,-0.35700000000000004,-0.534
00:00:17.987,1572935487416,-0.23,0.025,2.815,0.664,3.0,-0.019,22.275,-0.005,-0.095,256.358,-0.35600000000000004,-0.534
00:00:17.988,1572935487417,-0.233,0.021,2.815,0.664,3.0,-0.019,22.271,-0.005,-0.094,256.73,-0.354,-0.534
00:00:17.989,1572935487418,-0.233,0.017,5.085,0.664,3.0,-0.018000000000000002,22.267,-0.005,-0.093,257.101,-0.35200000000000004,-0.534
00:00:18.037,1572935487466,-0.228,0.013,5.085,0.664,3.0,-0.018000000000000002,22.263,-0.005,-0.091,257.472,-0.35,-0.534
00:00:18.038,1572935487467,-0.22,0.009000000000000001,5.085,0.664,3.0,-0.017,22.26,-0.005,-0.09,257.843,-0.348,-0.534
00:00:18.039,1572935487468,-0.208,0.006,5.085,0.664,3.0,-0.017,22.256,-0.005,-0.08900000000000001,258.214,-0.34700000000000003,-0.534
00:00:18.089,1572935487518,-0.195,0.004,5.085,0.664,3.0,-0.016,22.253,-0.005,-0.087,258.585,-0.345,-0.534
00:00:18.090,1572935487519,-0.182,0.002,5.085,0.664,3.0,-0.015,22.251,-0.004,-0.085,258.956,-0.343,-0.534
00:00:18.091,1572935487520,-0.171,0.001,12.117,0.664,3.0,-0.015,22.248,-0.004,-0.083,259.326,-0.341,-0.535
00:00:18.140,1572935487569,-0.153,0.0,12.117,0.664,3.0,-0.014,22.246,-0.003,-0.081,259.697,-0.339,-0.535
00:00:18.141,1572935487570,-0.112,-0.002,12.117,0.664,3.0,-0.013,22.245,-0.003,-0.079,260.068,-0.337,-0.535
00:00:18.142,1572935487571,-0.051,-0.003,12.117,0.664,3.0,-0.013,22.245,-0.003,-0.077,260.439,-0.336,-0.535
00:00:18.194,1572935487623,0.011,-0.004,12.117,0.664,3.0,-0.012,22.246,-0.002,-0.07400000000000001,260.809,-0.334,-0.535
00:00:18.195,1572935487624,0.058,-0.005,12.117,0.664,3.0,-0.011,22.247,-0.001,-0.07,261.18,-0.332,-0.535
00:00:18.196,1572935487625,0.086,-0.006999999999999999,12.263,0.664,3.0,-0.011,22.249,-0.001,-0.066,261.551,-0.33,-0.535
00:00:18.241,1572935487670,0.097,-0.009000000000000001,12.263,0.664,3.0,-0.01,22.25,0.0,-0.062,261.922,-0.328,-0.535
00:00:18.242,1572935487671,0.096,-0.011,12.263,0.664,3.0,-0.01,22.252,0.0,-0.058,262.293,-0.327,-0.535
00:00:18.243,1572935487672,0.09,-0.012,12.263,0.664,3.0,-0.009000000000000001,22.253,0.001,-0.054000000000000006,262.663,-0.325,-0.534
00:00:18.291,1572935487720,0.083,-0.014,12.263,0.664,3.0,-0.008,22.255,0.001,-0.05,263.034,-0.32299999999999995,-0.534
00:00:18.292,1572935487721,0.076,-0.016,12.263,0.664,3.0,-0.008,22.256,0.001,-0.046,263.405,-0.321,-0.534
00:00:18.293,1572935487722,0.07200000000000001,-0.017,12.629,0.664,3.0,-0.006999999999999999,22.257,0.002,-0.042,263.776,-0.319,-0.534
00:00:18.341,1572935487770,0.071,-0.018000000000000002,12.629,0.664,3.0,-0.006999999999999999,22.25800000000001,0.002,-0.039,264.147,-0.318,-0.534
00:00:18.342,1572935487771,0.073,-0.019,12.629,0.664,3.0,-0.006,22.26,0.002,-0.035,264.518,-0.316,-0.534
00:00:18.343,1572935487772,0.076,-0.019,12.629,0.664,3.0,-0.006,22.261,0.002,-0.032,264.889,-0.314,-0.534
00:00:18.402,1572935487831,0.081,-0.02,12.629,0.664,3.0,-0.005,22.262,0.002,-0.03,265.26,-0.312,-0.534
00:00:18.403,1572935487832,0.084,-0.02,12.629,0.664,3.0,-0.005,22.264,0.002,-0.027000000000000003,265.631,-0.311,-0.534
00:00:18.404,1572935487833,0.086,-0.02,13.142,0.664,3.0,-0.004,22.265,0.003,-0.025,266.002,-0.309,-0.534
00:00:18.405,1572935487834,0.08800000000000001,-0.019,13.142,0.664,3.0,-0.004,22.267,0.003,-0.024,266.373,-0.307,-0.534
00:00:18.460,1572935487889,0.091,-0.019,13.142,0.664,3.0,-0.003,22.268,0.003,-0.022,266.745,-0.305,-0.534
00:00:18.461,1572935487890,0.095,-0.018000000000000002,13.142,0.664,3.0,-0.003,22.27,0.003,-0.021,267.116,-0.304,-0.534
00:00:18.462,1572935487891,0.1,-0.017,13.142,0.664,3.0,-0.002,22.272,0.002,-0.02,267.487,-0.302,-0.534
00:00:18.463,1572935487892,0.103,-0.017,13.142,0.664,3.0,-0.002,22.273000000000003,0.002,-0.02,267.858,-0.3,-0.534
00:00:18.510,1572935487939,0.105,-0.016,13.655,0.664,3.0,-0.002,22.275,0.002,-0.02,268.136,-0.299,-0.534
00:00:18.511,1572935487940,0.106,-0.015,13.655,0.664,3.0,-0.002,22.276,0.002,-0.02,268.508,-0.297,-0.534
00:00:18.512,1572935487941,0.109,-0.014,13.655,0.664,3.0,-0.001,22.278,0.002,-0.02,268.879,-0.295,-0.534
00:00:18.561,1572935487990,0.114,-0.013,13.655,0.664,3.0,-0.001,22.28,0.002,-0.021,269.25,-0.294,-0.534
00:00:18.562,1572935487991,0.119,-0.012,13.655,0.664,3.0,-0.001,22.282,0.002,-0.021,269.622,-0.292,-0.534
00:00:18.563,1572935487992,0.122,-0.011,13.655,0.664,3.0,-0.001,22.284,0.002,-0.022,269.993,-0.29,-0.534
00:00:18.611,1572935488040,0.125,-0.01,13.655,0.664,3.0,0.0,22.287,0.002,-0.023,270.36400000000003,-0.289,-0.534
00:00:18.612,1572935488041,0.126,-0.009000000000000001,13.655,0.664,3.0,0.0,22.289,0.002,-0.023,270.736,-0.287,-0.534
00:00:18.613,1572935488042,0.126,-0.008,13.655,0.664,3.0,0.0,22.291,0.001,-0.024,271.107,-0.285,-0.534
00:00:18.667,1572935488096,0.126,-0.006999999999999999,13.655,0.664,3.0,0.0,22.29300000000001,0.001,-0.025,271.47900000000004,-0.28300000000000003,-0.534
00:00:18.668,1572935488097,0.126,-0.006,13.655,0.664,3.0,0.0,22.295,0.001,-0.026,271.851,-0.282,-0.534
00:00:18.669,1572935488098,0.125,-0.005,13.655,0.664,3.0,0.0,22.297,0.001,-0.026,272.222,-0.28,-0.534
00:00:18.717,1572935488146,0.125,-0.004,13.655,0.664,3.0,0.0,22.299,0.001,-0.027000000000000003,272.594,-0.278,-0.534
00:00:18.718,1572935488147,0.124,-0.003,13.655,0.664,3.0,0.0,22.301,0.001,-0.028,272.965,-0.277,-0.534
00:00:18.719,1572935488148,0.124,-0.002,13.655,0.664,3.0,0.0,22.303,0.001,-0.028,273.337,-0.275,-0.534
00:00:18.767,1572935488196,0.124,-0.002,13.655,0.664,3.0,0.0,22.305,0.001,-0.029,273.709,-0.273,-0.534
00:00:18.768,1572935488197,0.124,-0.001,13.655,0.664,3.0,0.0,22.307,0.001,-0.03,274.081,-0.272,-0.534
00:00:18.769,1572935488198,0.124,0.0,13.655,0.664,3.0,0.0,22.309,0.0,-0.03,274.452,-0.27,-0.534
00:00:18.818,1572935488247,0.124,0.0,13.655,0.664,3.0,0.0,22.312,0.0,-0.031,274.824,-0.268,-0.534
00:00:18.819,1572935488248,0.124,0.001,13.655,0.664,3.0,0.0,22.314,0.0,-0.031,275.196,-0.266,-0.534
00:00:18.820,1572935488249,0.124,0.001,13.655,0.664,3.0,0.0,22.316,0.0,-0.032,275.568,-0.265,-0.534
00:00:18.869,1572935488298,0.124,0.002,13.655,0.664,3.0,0.0,22.318,0.0,-0.032,275.94,-0.263,-0.534
00:00:18.870,1572935488299,0.124,0.002,13.655,0.664,3.0,0.0,22.32,0.0,-0.032,276.312,-0.261,-0.534
00:00:18.871,1572935488300,0.124,0.002,13.655,0.664,3.0,0.0,22.322,0.0,-0.033,276.684,-0.26,-0.534
00:00:18.921,1572935488350,0.124,0.003,13.800999999999998,0.664,3.0,0.0,22.324,0.0,-0.033,277.056,-0.258,-0.534
00:00:18.922,1572935488351,0.124,0.003,13.800999999999998,0.664,3.0,0.0,22.326,0.0,-0.034,277.428,-0.256,-0.534
00:00:18.923,1572935488352,0.125,0.003,13.800999999999998,0.664,3.0,0.0,22.32800000000001,0.0,-0.034,277.8,-0.255,-0.534
00:00:18.969,1572935488398,0.126,0.004,13.800999999999998,0.664,3.0,0.0,22.33,0.0,-0.034,278.172,-0.253,-0.534
00:00:18.970,1572935488399,0.127,0.004,13.800999999999998,0.664,3.0,0.0,22.332,0.0,-0.034,278.545,-0.251,-0.534
00:00:18.971,1572935488400,0.128,0.004,13.800999999999998,0.664,3.0,0.0,22.335,-0.001,-0.034,278.91700000000003,-0.249,-0.534
00:00:19.020,1572935488449,0.129,0.003,13.800999999999998,0.664,3.0,-0.001,22.337,-0.001,-0.034,279.289,-0.248,-0.534
00:00:19.021,1572935488450,0.13,0.003,13.800999999999998,0.664,3.0,-0.001,22.339,-0.001,-0.035,279.661,-0.246,-0.534
00:00:19.022,1572935488451,0.13,0.003,13.800999999999998,0.664,3.0,-0.001,22.341,-0.001,-0.035,280.034,-0.244,-0.534
00:00:19.070,1572935488499,0.13,0.003,13.800999999999998,0.664,3.0,-0.001,22.343000000000004,-0.001,-0.035,280.406,-0.243,-0.534
00:00:19.071,1572935488500,0.13,0.003,13.800999999999998,0.664,3.0,-0.001,22.345,-0.001,-0.035,280.778,-0.241,-0.534
00:00:19.072,1572935488501,0.129,0.003,13.800999999999998,0.664,3.0,-0.001,22.347,-0.001,-0.035,281.151,-0.239,-0.534
00:00:19.120,1572935488549,0.129,0.003,13.800999999999998,0.664,3.0,-0.001,22.35,-0.001,-0.034,281.523,-0.237,-0.534
00:00:19.121,1572935488550,0.129,0.003,13.800999999999998,0.664,3.0,-0.001,22.352,-0.001,-0.034,281.896,-0.236,-0.534
00:00:19.122,1572935488551,0.129,0.003,13.800999999999998,0.664,3.0,-0.001,22.354,-0.001,-0.034,282.268,-0.234,-0.534
00:00:19.173,1572935488602,0.129,0.003,13.800999999999998,0.664,3.0,-0.001,22.356,-0.001,-0.034,282.641,-0.232,-0.534
00:00:19.174,1572935488603,0.129,0.003,13.800999999999998,0.664,3.0,-0.001,22.358,-0.001,-0.034,283.014,-0.231,-0.534
00:00:19.175,1572935488604,0.129,0.003,13.800999999999998,0.664,3.0,-0.001,22.36,-0.001,-0.034,283.386,-0.229,-0.534
00:00:19.224,1572935488653,0.129,0.003,13.800999999999998,0.664,3.0,-0.001,22.362,-0.001,-0.034,283.759,-0.227,-0.534
00:00:19.225,1572935488654,0.129,0.002,13.800999999999998,0.664,3.0,-0.001,22.365,0.0,-0.034,284.132,-0.225,-0.534
00:00:19.226,1572935488655,0.129,0.002,13.800999999999998,0.664,3.0,-0.001,22.367,0.0,-0.034,284.504,-0.224,-0.534
00:00:19.275,1572935488704,0.128,0.002,13.800999999999998,0.664,3.0,-0.001,22.369,0.0,-0.033,284.877,-0.222,-0.534
00:00:19.276,1572935488705,0.128,0.002,13.800999999999998,0.664,3.0,-0.001,22.371,0.0,-0.033,285.25,-0.22,-0.534
00:00:19.277,1572935488706,0.128,0.002,13.800999999999998,0.664,3.0,-0.001,22.373,0.0,-0.033,285.623,-0.219,-0.534
00:00:19.325,1572935488754,0.128,0.002,13.800999999999998,0.664,3.0,-0.001,22.375,0.0,-0.033,285.996,-0.217,-0.534
00:00:19.326,1572935488755,0.128,0.001,13.800999999999998,0.664,3.0,-0.001,22.377,0.0,-0.033,286.369,-0.215,-0.534
00:00:19.327,1572935488756,0.128,0.001,13.800999999999998,0.664,3.0,-0.001,22.38,0.0,-0.033,286.742,-0.213,-0.534
00:00:19.376,1572935488805,0.128,0.001,13.800999999999998,0.664,3.0,-0.001,22.382,0.0,-0.033,287.115,-0.212,-0.534
00:00:19.377,1572935488806,0.128,0.001,13.800999999999998,0.664,3.0,-0.001,22.384,0.0,-0.033,287.488,-0.21,-0.534
00:00:19.378,1572935488807,0.128,0.001,13.800999999999998,0.664,3.0,-0.001,22.386,0.0,-0.033,287.861,-0.208,-0.534
00:00:19.426,1572935488855,0.128,0.0,13.800999999999998,0.664,3.0,-0.001,22.388,0.0,-0.033,288.2340000000001,-0.206,-0.534
00:00:19.427,1572935488856,0.128,0.0,13.800999999999998,0.664,3.0,-0.001,22.39,0.0,-0.033,288.607,-0.205,-0.534
00:00:19.428,1572935488857,0.128,0.0,13.800999999999998,0.664,3.0,-0.001,22.392,0.0,-0.033,288.98,-0.203,-0.534
00:00:19.479,1572935488908,0.128,-0.001,13.800999999999998,0.664,3.0,-0.001,22.395,0.0,-0.033,289.377,-0.201,-0.534
00:00:19.480,1572935488909,0.128,-0.001,13.800999999999998,0.664,3.0,-0.001,22.397,0.0,-0.033,289.7270000000001,-0.2,-0.534
00:00:19.481,1572935488910,0.128,-0.001,13.800999999999998,0.664,3.0,-0.001,22.399,0.0,-0.033,290.1,-0.198,-0.534
00:00:19.526,1572935488955,0.127,-0.001,13.800999999999998,0.664,3.0,-0.001,22.401,0.0,-0.033,290.473,-0.196,-0.534
00:00:19.527,1572935488956,0.127,-0.001,13.800999999999998,0.664,3.0,-0.001,22.403,0.0,-0.033,290.847,-0.194,-0.534
00:00:19.528,1572935488957,0.127,0.0,13.800999999999998,0.664,3.0,-0.001,22.405,0.0,-0.033,291.22,-0.193,-0.534
00:00:19.584,1572935489013,0.127,0.0,13.800999999999998,0.664,3.0,-0.001,22.407,0.0,-0.033,291.593,-0.191,-0.534
00:00:19.585,1572935489014,0.127,0.0,13.800999999999998,0.664,3.0,-0.001,22.409,0.0,-0.033,291.967,-0.189,-0.534
00:00:19.586,1572935489015,0.127,0.0,13.800999999999998,0.664,3.0,-0.001,22.411,0.0,-0.033,292.34,-0.187,-0.534
00:00:19.587,1572935489016,0.127,-0.001,13.800999999999998,0.664,3.0,-0.001,22.414,0.0,-0.033,292.714,-0.18600000000000005,-0.534
00:00:19.628,1572935489057,0.127,-0.001,13.800999999999998,0.664,3.0,-0.001,22.416,0.0,-0.033,293.088,-0.184,-0.534
00:00:19.629,1572935489058,0.127,-0.001,13.800999999999998,0.664,3.0,-0.001,22.41800000000001,0.0,-0.033,293.461,-0.182,-0.534
00:00:19.630,1572935489059,0.127,-0.001,13.800999999999998,0.664,3.0,-0.001,22.42,0.0,-0.033,293.835,-0.181,-0.534
00:00:19.678,1572935489107,0.127,-0.001,13.800999999999998,0.664,3.0,-0.001,22.422,0.0,-0.033,294.232,-0.179,-0.534
00:00:19.679,1572935489108,0.127,-0.001,13.800999999999998,0.664,3.0,-0.001,22.424,0.0,-0.033,294.582,-0.177,-0.534
00:00:19.680,1572935489109,0.127,-0.001,13.800999999999998,0.664,3.0,-0.001,22.426,0.0,-0.033,294.956,-0.175,-0.534
00:00:19.728,1572935489157,0.127,-0.001,13.800999999999998,0.664,3.0,-0.001,22.428,0.0,-0.033,295.33,-0.174,-0.534
00:00:19.729,1572935489158,0.127,-0.001,13.800999999999998,0.664,3.0,-0.001,22.43,0.0,-0.033,295.704,-0.172,-0.534
00:00:19.730,1572935489159,0.127,-0.001,13.800999999999998,0.664,3.0,-0.001,22.433000000000003,0.0,-0.033,296.077,-0.17,-0.534
00:00:19.779,1572935489208,0.127,-0.001,13.800999999999998,0.664,3.0,-0.001,22.435,0.0,-0.033,296.451,-0.168,-0.534
00:00:19.780,1572935489209,0.126,-0.001,13.800999999999998,0.664,3.0,-0.001,22.437,0.0,-0.033,296.825,-0.16699999999999998,-0.534
00:00:19.781,1572935489210,0.126,-0.001,13.800999999999998,0.664,3.0,0.0,22.439,0.0,-0.033,297.199,-0.165,-0.534
00:00:19.829,1572935489258,0.126,-0.001,13.800999999999998,0.664,3.0,0.0,22.441,0.0,-0.033,297.573,-0.163,-0.534
00:00:19.830,1572935489259,0.126,-0.001,13.800999999999998,0.664,3.0,0.0,22.443,0.0,-0.033,297.947,-0.162,-0.534
00:00:19.831,1572935489260,0.126,-0.001,13.800999999999998,0.664,3.0,0.0,22.445,0.0,-0.033,298.321,-0.16,-0.534
00:00:19.880,1572935489309,0.126,-0.001,13.800999999999998,0.664,3.0,0.0,22.447,0.0,-0.033,298.719,-0.158,-0.534
00:00:19.881,1572935489310,0.126,-0.001,13.800999999999998,0.664,3.0,0.0,22.449,0.0,-0.033,299.069,-0.156,-0.534
00:00:19.882,1572935489311,0.126,-0.001,13.800999999999998,0.664,3.0,0.0,22.451,0.0,-0.033,299.35,-0.155,-0.534
00:00:19.930,1572935489359,0.126,-0.001,13.800999999999998,0.664,3.0,0.0,22.45300000000001,0.0,-0.033,299.724,-0.153,-0.534
00:00:19.931,1572935489360,0.126,-0.001,13.800999999999998,0.664,3.0,0.0,22.455,0.0,-0.033,300.122,-0.152,-0.534
00:00:19.932,1572935489361,0.126,-0.001,13.800999999999998,0.664,3.0,0.0,22.457,0.0,-0.034,300.473,-0.15,-0.534
00:00:19.987,1572935489416,0.126,-0.001,13.800999999999998,0.664,3.0,0.0,22.459,0.0,-0.034,300.847,-0.14800000000000002,-0.534
00:00:19.988,1572935489417,0.126,-0.001,13.800999999999998,0.664,3.0,0.0,22.461,0.0,-0.034,301.221,-0.147,-0.534
00:00:19.989,1572935489418,0.126,-0.001,13.800999999999998,0.664,3.0,0.0,22.464,0.0,-0.034,301.619,-0.145,-0.534
00:00:20.031,1572935489460,0.126,-0.002,13.800999999999998,0.664,3.0,0.0,22.466,0.0,-0.034,301.97,-0.14300000000000002,-0.534
00:00:20.032,1572935489461,0.126,-0.002,13.800999999999998,0.664,3.0,0.0,22.468000000000004,0.0,-0.034,302.368,-0.141,-0.534
00:00:20.033,1572935489462,0.126,-0.003,13.800999999999998,0.664,3.0,0.0,22.47,0.0,-0.034,302.719,-0.14,-0.534
00:00:20.081,1572935489510,0.126,-0.004,13.800999999999998,0.664,3.0,0.0,22.472,0.0,-0.034,303.094,-0.138,-0.534
00:00:20.082,1572935489511,0.125,-0.005,13.800999999999998,0.664,3.0,0.0,22.474,0.0,-0.034,303.468,-0.136,-0.534
00:00:20.083,1572935489512,0.125,-0.006999999999999999,13.800999999999998,0.664,3.0,0.0,22.476,0.0,-0.033,303.843,-0.134,-0.534
00:00:20.131,1572935489560,0.125,-0.009000000000000001,13.800999999999998,0.664,3.0,0.0,22.478,0.0,-0.033,304.217,-0.133,-0.534
00:00:20.132,1572935489561,0.125,-0.012,13.800999999999998,0.664,3.0,0.0,22.48,0.0,-0.033,304.592,-0.131,-0.534
00:00:20.133,1572935489562,0.125,-0.014,13.800999999999998,0.664,3.0,0.0,22.482,0.0,-0.033,304.967,-0.129,-0.534
00:00:20.182,1572935489611,0.125,-0.017,13.800999999999998,0.664,3.0,0.0,22.485,-0.001,-0.033,305.365,-0.128,-0.534
00:00:20.183,1572935489612,0.125,-0.02,13.800999999999998,0.664,3.0,0.0,22.487,-0.001,-0.033,305.716,-0.126,-0.534
00:00:20.184,1572935489613,0.125,-0.022,13.800999999999998,0.664,3.0,0.0,22.489,-0.001,-0.033,306.091,-0.124,-0.534
00:00:20.237,1572935489666,0.125,-0.025,13.800999999999998,0.664,3.0,0.0,22.491,-0.001,-0.033,306.466,-0.123,-0.534
00:00:20.238,1572935489667,0.125,-0.027000000000000003,13.800999999999998,0.664,3.0,0.001,22.493,-0.001,-0.033,306.841,-0.121,-0.534
00:00:20.239,1572935489668,0.125,-0.028,13.800999999999998,0.664,3.0,0.001,22.495,-0.001,-0.033,307.216,-0.119,-0.534
00:00:20.282,1572935489711,0.125,-0.029,13.800999999999998,0.664,3.0,0.002,22.497,0.0,-0.033,307.59,-0.118,-0.534
00:00:20.283,1572935489712,0.125,-0.03,13.800999999999998,0.664,3.0,0.002,22.499,0.0,-0.033,307.965,-0.116,-0.534
00:00:20.284,1572935489713,0.125,-0.031,13.800999999999998,0.664,3.0,0.002,22.501,0.0,-0.033,308.3640000000001,-0.114,-0.534
00:00:20.332,1572935489761,0.125,-0.031,13.800999999999998,0.664,3.0,0.003,22.503,0.0,-0.033,308.7390000000001,-0.113,-0.534
00:00:20.333,1572935489762,0.125,-0.031,13.800999999999998,0.664,3.0,0.003,22.505,0.001,-0.033,309.1140000000001,-0.111,-0.534
00:00:20.334,1572935489763,0.124,-0.032,13.800999999999998,0.664,3.0,0.004,22.507,0.001,-0.033,309.4890000000001,-0.109,-0.534
00:00:20.383,1572935489812,0.124,-0.032,13.800999999999998,0.664,3.0,0.004,22.51,0.001,-0.033,309.8640000000001,-0.108,-0.534
00:00:20.384,1572935489813,0.124,-0.032,13.800999999999998,0.664,3.0,0.005,22.511,0.002,-0.033,310.216,-0.106,-0.534
00:00:20.385,1572935489814,0.124,-0.033,13.800999999999998,0.664,3.0,0.005,22.514,0.002,-0.033,310.591,-0.105,-0.534
00:00:20.433,1572935489862,0.124,-0.033,13.800999999999998,0.664,3.0,0.005,22.516,0.002,-0.033,310.99,-0.103,-0.534
00:00:20.434,1572935489863,0.124,-0.034,13.800999999999998,0.664,3.0,0.006,22.518,0.003,-0.033,311.342,-0.101,-0.534
00:00:20.435,1572935489864,0.124,-0.034,13.800999999999998,0.664,3.0,0.006,22.52,0.003,-0.033,311.717,-0.1,-0.534
00:00:20.483,1572935489912,0.124,-0.035,13.800999999999998,0.664,3.0,0.006,22.522,0.003,-0.034,312.092,-0.098,-0.534
00:00:20.484,1572935489913,0.124,-0.035,13.800999999999998,0.664,3.0,0.006999999999999999,22.524,0.003,-0.034,312.491,-0.097,-0.534
00:00:20.485,1572935489914,0.124,-0.035,13.800999999999998,0.664,3.0,0.006999999999999999,22.526,0.003,-0.034,312.867,-0.095,-0.534
00:00:20.534,1572935489963,0.124,-0.035,13.800999999999998,0.664,3.0,0.006999999999999999,22.528,0.003,-0.034,313.219,-0.094,-0.534
00:00:20.535,1572935489964,0.124,-0.035,13.800999999999998,0.664,3.0,0.006999999999999999,22.53,0.004,-0.034,313.617,-0.092,-0.534
00:00:20.536,1572935489965,0.124,-0.035,13.800999999999998,0.664,3.0,0.008,22.532,0.004,-0.034,313.993,-0.091,-0.534
00:00:20.584,1572935490013,0.124,-0.035,13.800999999999998,0.664,3.0,0.008,22.534,0.004,-0.034,314.369,-0.08900000000000001,-0.534
00:00:20.585,1572935490014,0.124,-0.034,13.800999999999998,0.664,3.0,0.008,22.536,0.004,-0.034,314.721,-0.08800000000000001,-0.534
00:00:20.586,1572935490015,0.124,-0.033,13.800999999999998,1.128,3.0,0.008,22.538,0.004,-0.034,315.12,-0.086,-0.534
00:00:20.634,1572935490063,0.12,-0.031,13.800999999999998,1.128,3.0,0.008,22.54,0.004,-0.034,315.472,-0.085,-0.534
00:00:20.635,1572935490064,0.115,-0.03,13.800999999999998,1.128,3.0,0.008,22.542,0.003,-0.034,315.871,-0.083,-0.534
00:00:20.636,1572935490065,0.113,-0.028,13.800999999999998,1.128,3.0,0.009000000000000001,22.544,0.003,-0.034,316.247,-0.08199999999999999,-0.534
00:00:20.686,1572935490115,0.112,-0.026,13.800999999999998,1.128,3.0,0.009000000000000001,22.546,0.003,-0.034,316.599,-0.08,-0.534
00:00:20.687,1572935490116,0.111,-0.024,13.800999999999998,1.128,3.0,0.009000000000000001,22.548,0.003,-0.034,316.998,-0.079,-0.534
00:00:20.688,1572935490117,0.111,-0.022,13.800999999999998,0.664,3.0,0.009000000000000001,22.55,0.003,-0.034,317.374,-0.077,-0.534
00:00:20.741,1572935490170,0.115,-0.02,13.800999999999998,0.664,3.0,0.009000000000000001,22.552,0.003,-0.034,317.75,-0.076,-0.534
00:00:20.742,1572935490171,0.119,-0.018000000000000002,13.800999999999998,0.664,3.0,0.009000000000000001,22.554,0.003,-0.034,318.126,-0.075,-0.534
00:00:20.743,1572935490172,0.122,-0.016,13.800999999999998,0.664,3.0,0.009000000000000001,22.556,0.003,-0.034,318.502,-0.073,-0.534
00:00:20.790,1572935490219,0.123,-0.014,13.800999999999998,0.664,3.0,0.009000000000000001,22.558000000000003,0.003,-0.034,318.878,-0.07200000000000001,-0.534
00:00:20.791,1572935490220,0.123,-0.012,13.800999999999998,0.664,3.0,0.009000000000000001,22.56,0.003,-0.034,319.254,-0.07,-0.534
00:00:20.792,1572935490221,0.123,-0.01,13.948,0.664,3.0,0.009000000000000001,22.562,0.003,-0.034,319.63,-0.069,-0.534
00:00:20.837,1572935490266,0.123,-0.006999999999999999,13.948,0.664,3.0,0.008,22.564,0.003,-0.034,319.982,-0.068,-0.534
00:00:20.838,1572935490267,0.124,-0.005,13.948,0.664,3.0,0.008,22.566,0.002,-0.034,320.382,-0.066,-0.534
00:00:20.839,1572935490268,0.125,-0.003,13.948,0.664,3.0,0.008,22.568,0.002,-0.034,320.758,-0.065,-0.534
00:00:20.887,1572935490316,0.127,-0.002,13.948,0.664,3.0,0.008,22.57,0.002,-0.034,321.111,-0.063,-0.534
00:00:20.888,1572935490317,0.128,-0.001,13.948,0.664,3.0,0.006999999999999999,22.572,0.002,-0.034,321.487,-0.062,-0.534
00:00:20.889,1572935490318,0.129,0.0,13.800999999999998,0.664,3.0,0.006999999999999999,22.575,0.002,-0.034,321.886,-0.06,-0.534
00:00:20.937,1572935490366,0.129,0.001,13.800999999999998,0.664,3.0,0.006999999999999999,22.577,0.001,-0.034,322.263,-0.059,-0.534
00:00:20.938,1572935490367,0.128,0.002,13.800999999999998,0.664,3.0,0.006,22.579,0.001,-0.034,322.639,-0.058,-0.534
00:00:20.939,1572935490368,0.127,0.002,13.800999999999998,0.664,3.0,0.006,22.581,0.001,-0.034,323.015,-0.056,-0.534
00:00:20.987,1572935490416,0.125,0.002,13.800999999999998,0.664,3.0,0.006,22.583,0.0,-0.034,323.368,-0.055,-0.534
00:00:20.988,1572935490417,0.123,0.002,13.800999999999998,0.664,3.0,0.006,22.585,0.0,-0.034,323.768,-0.053,-0.534
00:00:20.989,1572935490418,0.122,0.002,14.094,0.664,3.0,0.005,22.587,0.0,-0.034,324.145,-0.052000000000000005,-0.534
00:00:21.037,1572935490466,0.122,0.002,14.094,0.664,3.0,0.005,22.589,-0.001,-0.034,324.521,-0.051,-0.534
00:00:21.038,1572935490467,0.123,0.002,14.094,0.664,3.0,0.005,22.591,-0.001,-0.034,324.898,-0.049,-0.534
00:00:21.039,1572935490468,0.126,0.003,14.094,0.664,3.0,0.004,22.593000000000004,-0.001,-0.034,325.274,-0.048,-0.534
00:00:21.088,1572935490517,0.129,0.003,14.094,0.664,3.0,0.004,22.595,-0.001,-0.034,325.651,-0.046,-0.534
00:00:21.089,1572935490518,0.132,0.003,14.094,0.664,3.0,0.004,22.59800000000001,-0.001,-0.034,326.027,-0.045,-0.534
00:00:21.090,1572935490519,0.134,0.003,14.094,0.664,3.0,0.004,22.6,-0.001,-0.033,326.404,-0.043,-0.534
00:00:21.139,1572935490568,0.135,0.003,14.094,0.664,3.0,0.003,22.602,-0.001,-0.033,326.781,-0.042,-0.534
00:00:21.140,1572935490569,0.135,0.003,14.094,0.664,3.0,0.003,22.604,-0.001,-0.033,327.157,-0.041,-0.534
00:00:21.141,1572935490570,0.135,0.003,14.094,0.664,3.0,0.003,22.607,-0.002,-0.033,327.534,-0.039,-0.534
00:00:21.199,1572935490628,0.134,0.003,14.094,0.664,3.0,0.003,22.609,-0.001,-0.033,327.911,-0.038,-0.534
00:00:21.200,1572935490629,0.134,0.003,14.094,0.664,3.0,0.003,22.611,-0.001,-0.033,328.288,-0.036000000000000004,-0.534
00:00:21.201,1572935490630,0.133,0.002,14.094,0.664,3.0,0.003,22.613000000000003,-0.001,-0.033,328.665,-0.035,-0.534
00:00:21.202,1572935490631,0.133,0.002,14.094,0.664,3.0,0.002,22.616,-0.001,-0.033,329.041,-0.033,-0.534
00:00:21.249,1572935490678,0.133,0.002,14.094,0.664,3.0,0.002,22.618,-0.001,-0.033,329.418,-0.032,-0.534
00:00:21.250,1572935490679,0.133,0.001,14.094,0.664,3.0,0.002,22.62,-0.001,-0.033,329.795,-0.031,-0.534
00:00:21.251,1572935490680,0.133,0.001,14.094,0.664,3.0,0.002,22.622,-0.001,-0.033,330.172,-0.029,-0.534
00:00:21.300,1572935490729,0.133,0.0,14.094,0.664,3.0,0.002,22.624,-0.001,-0.033,330.5490000000001,-0.028,-0.534
00:00:21.301,1572935490730,0.133,0.0,14.094,0.664,3.0,0.002,22.627,-0.001,-0.032,330.927,-0.026,-0.534
00:00:21.302,1572935490731,0.133,0.0,14.094,0.664,3.0,0.002,22.629,-0.001,-0.032,331.3040000000001,-0.025,-0.534
00:00:21.353,1572935490782,0.133,0.0,14.094,0.664,3.0,0.002,22.631,0.0,-0.032,331.681,-0.024,-0.534
00:00:21.354,1572935490783,0.133,0.0,14.094,0.664,3.0,0.002,22.63300000000001,0.0,-0.032,332.05800000000005,-0.022,-0.534
00:00:21.355,1572935490784,0.133,0.0,14.094,0.664,3.0,0.002,22.635,0.0,-0.032,332.435,-0.021,-0.534
00:00:21.400,1572935490829,0.133,0.0,14.094,0.664,3.0,0.002,22.638,0.0,-0.032,332.8119999999999,-0.019,-0.534
00:00:21.401,1572935490830,0.132,0.001,14.094,0.664,3.0,0.002,22.64,0.0,-0.032,333.19,-0.018000000000000002,-0.534
00:00:21.402,1572935490831,0.132,0.002,14.094,0.664,3.0,0.002,22.642,0.0,-0.032,333.56699999999995,-0.016,-0.534
00:00:21.450,1572935490879,0.132,0.003,14.094,0.664,3.0,0.002,22.644,0.001,-0.032,333.945,-0.015,-0.534
00:00:21.451,1572935490880,0.132,0.004,14.094,0.664,3.0,0.002,22.646,0.001,-0.032,334.32199999999995,-0.014,-0.534
00:00:21.452,1572935490881,0.132,0.005,14.094,0.664,3.0,0.002,22.649,0.001,-0.032,334.699,-0.012,-0.534
00:00:21.501,1572935490930,0.132,0.006999999999999999,14.094,0.664,3.0,0.002,22.651,0.001,-0.032,335.077,-0.011,-0.534
00:00:21.502,1572935490931,0.132,0.008,14.094,0.664,3.0,0.001,22.653,0.001,-0.032,335.454,-0.009000000000000001,-0.534
00:00:21.503,1572935490932,0.132,0.009000000000000001,14.094,0.664,3.0,0.001,22.655,0.001,-0.032,335.832,-0.008,-0.534
00:00:21.552,1572935490981,0.132,0.01,14.094,0.664,3.0,0.001,22.658,0.001,-0.032,336.21,-0.006,-0.534
00:00:21.553,1572935490982,0.132,0.011,14.094,0.664,3.0,0.001,22.66,0.001,-0.032,336.587,-0.005,-0.534
00:00:21.554,1572935490983,0.132,0.012,14.094,0.664,3.0,0.001,22.662,0.001,-0.032,336.965,-0.003,-0.534
00:00:21.603,1572935491032,0.132,0.012,14.094,0.664,3.0,0.001,22.664,0.001,-0.032,337.343,-0.002,-0.534
00:00:21.604,1572935491033,0.132,0.011,14.094,0.664,3.0,0.0,22.666,0.001,-0.032,337.72,-0.001,-0.534
00:00:21.605,1572935491034,0.132,0.011,14.094,0.664,3.0,0.0,22.66800000000001,0.001,-0.033,338.098,0.001,-0.534
00:00:21.653,1572935491082,0.132,0.01,14.094,0.664,3.0,0.0,22.671,0.0,-0.033,338.476,0.002,-0.534
00:00:21.654,1572935491083,0.132,0.009000000000000001,14.094,0.664,3.0,-0.001,22.673,0.0,-0.033,338.8540000000001,0.004,-0.534
00:00:21.655,1572935491084,0.131,0.008,14.094,0.664,3.0,-0.001,22.675,0.0,-0.033,339.232,0.005,-0.534
00:00:21.703,1572935491132,0.131,0.006999999999999999,14.094,0.664,3.0,-0.001,22.677,-0.001,-0.033,339.61,0.006999999999999999,-0.534
00:00:21.704,1572935491133,0.131,0.006999999999999999,14.094,0.664,3.0,-0.001,22.679,-0.001,-0.033,339.98800000000006,0.008,-0.534
00:00:21.705,1572935491134,0.131,0.006,14.094,0.664,3.0,-0.001,22.682,-0.001,-0.033,340.366,0.01,-0.534
00:00:21.754,1572935491183,0.131,0.006,14.094,0.664,3.0,-0.002,22.684,-0.001,-0.033,340.744,0.011,-0.534
00:00:21.755,1572935491184,0.131,0.005,14.094,0.664,3.0,-0.002,22.686,-0.002,-0.033,341.122,0.013,-0.534
00:00:21.756,1572935491185,0.131,0.005,14.094,0.664,3.0,-0.002,22.688,-0.002,-0.033,341.5,0.014,-0.534
00:00:21.805,1572935491234,0.131,0.004,14.094,0.664,3.0,-0.002,22.69,-0.002,-0.033,341.8780000000001,0.016,-0.534
00:00:21.806,1572935491235,0.131,0.003,14.094,0.664,3.0,-0.002,22.693,-0.002,-0.033,342.256,0.017,-0.534
00:00:21.807,1572935491236,0.131,0.002,14.094,0.664,3.0,-0.002,22.695,-0.002,-0.033,342.634,0.019,-0.534
00:00:21.856,1572935491285,0.131,0.001,14.094,0.664,3.0,-0.002,22.697,-0.002,-0.033,343.0130000000001,0.02,-0.534
00:00:21.857,1572935491286,0.131,0.0,14.094,0.664,3.0,-0.002,22.699,-0.002,-0.033,343.391,0.022,-0.534
00:00:21.858,1572935491287,0.131,-0.001,14.094,0.664,3.0,-0.002,22.701,-0.002,-0.033,343.769,0.023,-0.534
00:00:21.907,1572935491336,0.131,-0.003,14.094,0.664,3.0,-0.002,22.70300000000001,-0.002,-0.033,344.148,0.025,-0.534
00:00:21.908,1572935491337,0.131,-0.005,14.094,0.664,3.0,-0.002,22.706,-0.002,-0.033,344.526,0.026,-0.534
00:00:21.909,1572935491338,0.131,-0.006,14.094,0.664,3.0,-0.001,22.708,-0.002,-0.033,344.905,0.028,-0.534
00:00:21.957,1572935491386,0.131,-0.008,14.094,0.664,3.0,-0.001,22.71,-0.002,-0.033,345.283,0.029,-0.534
00:00:21.958,1572935491387,0.131,-0.01,14.094,0.664,3.0,-0.001,22.712,-0.001,-0.033,345.662,0.031,-0.534
00:00:21.959,1572935491388,0.131,-0.011,14.094,0.664,3.0,-0.001,22.714,-0.001,-0.033,346.04,0.032,-0.534
00:00:22.007,1572935491436,0.131,-0.012,14.094,0.664,3.0,-0.001,22.717,-0.001,-0.033,346.41900000000015,0.033,-0.534
00:00:22.008,1572935491437,0.13,-0.014,14.094,0.664,3.0,0.0,22.719,-0.001,-0.033,346.797,0.035,-0.534
00:00:22.009,1572935491438,0.13,-0.015,14.094,0.664,3.0,0.0,22.721,-0.001,-0.033,347.176,0.036000000000000004,-0.534
00:00:22.058,1572935491487,0.13,-0.017,14.094,0.664,3.0,0.0,22.72300000000001,0.0,-0.033,347.555,0.038,-0.534
00:00:22.059,1572935491488,0.13,-0.019,14.094,0.664,3.0,0.0,22.725,0.0,-0.033,347.93300000000005,0.039,-0.534
00:00:22.060,1572935491489,0.13,-0.022,14.094,0.664,3.0,0.001,22.727,0.0,-0.033,348.31199999999984,0.041,-0.534
00:00:22.108,1572935491537,0.13,-0.024,14.094,0.664,3.0,0.001,22.73,0.0,-0.033,348.691,0.042,-0.534
00:00:22.109,1572935491538,0.13,-0.026,14.094,1.128,3.0,0.001,22.732,0.001,-0.033,349.07,0.044,-0.534
00:00:22.110,1572935491539,0.126,-0.029,14.094,1.128,3.0,0.001,22.734,0.001,-0.033,349.449,0.045,-0.534
00:00:22.158,1572935491587,0.122,-0.031,14.094,1.128,3.0,0.002,22.736,0.001,-0.033,349.82800000000015,0.046,-0.534
00:00:22.159,1572935491588,0.119,-0.033,14.094,1.128,3.0,0.002,22.738000000000003,0.001,-0.033,350.207,0.048,-0.534
00:00:22.160,1572935491589,0.118,-0.036000000000000004,14.094,1.128,3.0,0.002,22.74,0.001,-0.033,350.586,0.049,-0.534
00:00:22.208,1572935491637,0.117,-0.038,14.094,1.128,3.0,0.003,22.742,0.002,-0.033,350.965,0.051,-0.534
00:00:22.209,1572935491638,0.117,-0.04,14.094,0.664,3.0,0.003,22.743,0.002,-0.033,351.344,0.052000000000000005,-0.534
00:00:22.210,1572935491639,0.121,-0.042,14.094,0.664,3.0,0.004,22.746,0.002,-0.033,351.723,0.053,-0.534
00:00:22.259,1572935491688,0.126,-0.044,14.094,0.664,3.0,0.004,22.748,0.002,-0.033,352.102,0.055,-0.534
00:00:22.260,1572935491689,0.128,-0.045,14.094,0.664,3.0,0.005,22.75,0.002,-0.033,352.481,0.056,-0.534
00:00:22.261,1572935491690,0.129,-0.046,14.094,0.664,3.0,0.005,22.752,0.002,-0.034,352.86,0.057,-0.534
00:00:22.310,1572935491739,0.129,-0.046,14.094,0.664,3.0,0.006,22.754,0.003,-0.034,353.23900000000015,0.059,-0.534
00:00:22.311,1572935491740,0.129,-0.047,14.094,0.664,3.0,0.006,22.756,0.003,-0.034,353.619,0.06,-0.534
00:00:22.312,1572935491741,0.129,-0.047,14.094,0.664,3.0,0.006999999999999999,22.75800000000001,0.003,-0.034,353.99800000000016,0.061,-0.534
00:00:22.313,1572935491742,0.129,-0.048,14.094,0.664,3.0,0.006999999999999999,22.761,0.003,-0.034,354.37699999999984,0.062,-0.534
00:00:22.361,1572935491790,0.129,-0.048,14.094,0.664,3.0,0.008,22.763,0.003,-0.034,354.75699999999995,0.064,-0.534
00:00:22.362,1572935491791,0.129,-0.049,14.094,0.664,3.0,0.008,22.765,0.004,-0.034,355.136,0.065,-0.534
00:00:22.363,1572935491792,0.129,-0.05,14.094,0.664,3.0,0.008,22.767,0.004,-0.034,355.515,0.066,-0.534
00:00:22.411,1572935491840,0.129,-0.05,14.094,1.128,3.0,0.009000000000000001,22.769,0.004,-0.034,355.895,0.067,-0.534
00:00:22.412,1572935491841,0.125,-0.05,14.094,1.128,3.0,0.009000000000000001,22.771,0.004,-0.034,356.274,0.069,-0.534
00:00:22.413,1572935491842,0.12,-0.05,14.094,1.128,3.0,0.01,22.773000000000003,0.004,-0.034,356.654,0.07,-0.534
00:00:22.462,1572935491891,0.118,-0.05,14.094,1.128,3.0,0.01,22.775,0.004,-0.034,357.033,0.071,-0.534
00:00:22.463,1572935491892,0.117,-0.05,14.094,1.128,3.0,0.01,22.777,0.004,-0.034,357.413,0.07200000000000001,-0.534
00:00:22.464,1572935491893,0.116,-0.049,14.094,1.128,3.0,0.011,22.779,0.004,-0.034,357.793,0.073,-0.534
00:00:22.514,1572935491943,0.116,-0.048,14.094,0.664,3.0,0.011,22.781,0.004,-0.034,358.172,0.07400000000000001,-0.534
00:00:22.515,1572935491944,0.12,-0.047,14.094,0.664,3.0,0.011,22.783,0.004,-0.034,358.552,0.075,-0.534
00:00:22.516,1572935491945,0.125,-0.046,14.094,0.664,3.0,0.011,22.785,0.004,-0.034,358.932,0.077,-0.534
00:00:22.567,1572935491996,0.127,-0.045,14.094,0.664,3.0,0.012,22.787,0.004,-0.034,359.311,0.078,-0.534
00:00:22.568,1572935491997,0.128,-0.044,14.094,0.664,3.0,0.012,22.789,0.004,-0.034,359.691,0.079,-0.534
00:00:22.569,1572935491998,0.128,-0.043,14.094,0.664,3.0,0.012,22.792,0.004,-0.034,360.071,0.08,-0.534
00:00:22.617,1572935492046,0.128,-0.042,14.314,0.664,3.0,0.012,22.794,0.004,-0.034,360.451,0.081,-0.534
00:00:22.618,1572935492047,0.128,-0.041,14.314,0.664,3.0,0.012,22.796,0.004,-0.034,360.831,0.08199999999999999,-0.534
00:00:22.619,1572935492048,0.13,-0.04,14.314,0.664,3.0,0.013,22.798,0.004,-0.034,361.211,0.083,-0.534
00:00:22.671,1572935492100,0.132,-0.04,14.314,0.664,3.0,0.013,22.8,0.004,-0.034,361.591,0.084,-0.534
00:00:22.672,1572935492101,0.134,-0.039,14.314,0.664,3.0,0.013,22.803,0.004,-0.034,361.971,0.085,-0.534
00:00:22.673,1572935492102,0.136,-0.038,14.314,0.664,3.0,0.013,22.805,0.004,-0.034,362.351,0.086,-0.534
00:00:22.721,1572935492150,0.13699999999999998,-0.037000000000000005,14.607,0.664,3.0,0.013,22.807,0.004,-0.034,362.731,0.087,-0.534
00:00:22.722,1572935492151,0.138,-0.036000000000000004,14.607,0.664,3.0,0.013,22.809,0.003,-0.034,363.111,0.08800000000000001,-0.534
00:00:22.723,1572935492152,0.139,-0.035,14.607,0.664,3.0,0.013,22.812,0.003,-0.033,363.491,0.08900000000000001,-0.534
00:00:22.774,1572935492203,0.141,-0.033,14.607,0.664,3.0,0.013,22.814,0.003,-0.033,363.872,0.09,-0.534
00:00:22.775,1572935492204,0.14300000000000002,-0.032,14.607,0.664,3.0,0.013,22.817,0.003,-0.033,364.252,0.091,-0.534
00:00:22.776,1572935492205,0.145,-0.03,14.607,0.664,3.0,0.013,22.81900000000001,0.003,-0.033,364.632,0.092,-0.534
00:00:22.821,1572935492250,0.147,-0.029,14.607,0.664,3.0,0.013,22.821,0.003,-0.033,364.917,0.093,-0.534
00:00:22.822,1572935492251,0.14800000000000002,-0.027000000000000003,14.607,0.664,3.0,0.013,22.823,0.003,-0.032,365.298,0.093,-0.534
00:00:22.823,1572935492252,0.14800000000000002,-0.025,14.607,0.664,3.0,0.013,22.826,0.003,-0.032,365.67800000000005,0.094,-0.534
00:00:22.874,1572935492303,0.149,-0.024,14.607,0.664,3.0,0.013,22.82800000000001,0.003,-0.032,366.059,0.095,-0.534
00:00:22.875,1572935492304,0.149,-0.023,14.607,0.664,3.0,0.012,22.831,0.003,-0.032,366.439,0.096,-0.534
00:00:22.876,1572935492305,0.14800000000000002,-0.021,14.607,0.664,3.0,0.012,22.833,0.002,-0.031,366.82,0.097,-0.534
00:00:22.925,1572935492354,0.14800000000000002,-0.02,14.607,0.664,3.0,0.012,22.836,0.002,-0.031,367.2,0.098,-0.534
00:00:22.926,1572935492355,0.14800000000000002,-0.019,14.607,0.664,3.0,0.012,22.838,0.002,-0.031,367.581,0.099,-0.534
00:00:22.927,1572935492356,0.14800000000000002,-0.019,14.607,0.664,3.0,0.012,22.841,0.002,-0.031,367.961,0.1,-0.534
00:00:22.975,1572935492404,0.14800000000000002,-0.018000000000000002,14.607,0.664,3.0,0.012,22.843000000000004,0.002,-0.031,368.342,0.101,-0.534
00:00:22.976,1572935492405,0.147,-0.017,14.607,0.664,3.0,0.011,22.846,0.002,-0.03,368.723,0.102,-0.534
00:00:22.977,1572935492406,0.147,-0.017,14.607,0.664,3.0,0.011,22.84800000000001,0.002,-0.03,369.104,0.102,-0.534
00:00:23.026,1572935492455,0.147,-0.017,14.607,1.128,3.0,0.011,22.85,0.002,-0.03,369.484,0.103,-0.534
00:00:23.027,1572935492456,0.145,-0.016,14.607,1.128,3.0,0.011,22.853,0.002,-0.03,369.865,0.104,-0.534
00:00:23.028,1572935492457,0.14,-0.016,14.607,1.128,3.0,0.011,22.855,0.001,-0.03,370.246,0.105,-0.534
00:00:23.076,1572935492505,0.13699999999999998,-0.016,14.607,1.128,3.0,0.01,22.857,0.001,-0.03,370.627,0.106,-0.534
00:00:23.077,1572935492506,0.135,-0.016,14.607,1.128,3.0,0.01,22.86,0.001,-0.03,371.008,0.107,-0.534
00:00:23.078,1572935492507,0.135,-0.016,14.607,1.128,3.0,0.01,22.862,0.001,-0.03,371.389,0.108,-0.534
00:00:23.127,1572935492556,0.134,-0.016,14.607,0.664,3.0,0.01,22.864,0.001,-0.03,371.77,0.109,-0.534
00:00:23.128,1572935492557,0.13699999999999998,-0.017,14.607,0.664,3.0,0.01,22.866,0.001,-0.03,372.151,0.109,-0.534
00:00:23.129,1572935492558,0.142,-0.017,14.607,0.664,3.0,0.01,22.869,0.001,-0.03,372.532,0.11,-0.534
00:00:23.130,1572935492559,0.145,-0.018000000000000002,14.607,0.664,3.0,0.009000000000000001,22.871,0.001,-0.031,372.914,0.111,-0.534
00:00:23.183,1572935492612,0.146,-0.018000000000000002,14.607,0.664,3.0,0.009000000000000001,22.874,0.001,-0.031,373.295,0.112,-0.534
00:00:23.184,1572935492613,0.146,-0.019,14.607,0.664,3.0,0.009000000000000001,22.876,0.001,-0.031,373.676,0.113,-0.534
00:00:23.185,1572935492614,0.146,-0.019,14.607,0.664,3.0,0.009000000000000001,22.879,0.001,-0.031,374.057,0.114,-0.534
00:00:23.233,1572935492662,0.146,-0.019,14.607,0.664,3.0,0.009000000000000001,22.881,0.001,-0.031,374.439,0.114,-0.534
00:00:23.234,1572935492663,0.146,-0.02,14.607,0.664,3.0,0.009000000000000001,22.88300000000001,0.001,-0.031,374.82,0.115,-0.534
00:00:23.235,1572935492664,0.146,-0.02,14.607,0.664,3.0,0.009000000000000001,22.886,0.001,-0.031,375.225,0.116,-0.534
00:00:23.283,1572935492712,0.146,-0.021,14.607,0.664,3.0,0.009000000000000001,22.888,0.001,-0.031,375.583,0.117,-0.534
00:00:23.284,1572935492713,0.146,-0.021,14.607,0.664,3.0,0.009000000000000001,22.891,0.001,-0.031,375.964,0.118,-0.534
00:00:23.285,1572935492714,0.146,-0.022,14.607,0.664,3.0,0.009000000000000001,22.893,0.001,-0.031,376.346,0.118,-0.534
00:00:23.333,1572935492762,0.146,-0.022,14.607,0.664,3.0,0.009000000000000001,22.896,0.001,-0.031,376.727,0.119,-0.534
00:00:23.334,1572935492763,0.146,-0.023,14.607,0.664,3.0,0.009000000000000001,22.898000000000003,0.001,-0.031,377.109,0.12,-0.534
00:00:23.335,1572935492764,0.146,-0.024,14.607,0.664,3.0,0.009000000000000001,22.9,0.001,-0.031,377.491,0.121,-0.534
00:00:23.384,1572935492813,0.146,-0.024,14.607,0.664,3.0,0.009000000000000001,22.903,0.001,-0.031,377.872,0.121,-0.534
00:00:23.385,1572935492814,0.146,-0.025,14.607,0.664,3.0,0.009000000000000001,22.905,0.001,-0.031,378.254,0.122,-0.534
00:00:23.386,1572935492815,0.146,-0.026,14.607,1.128,3.0,0.009000000000000001,22.908,0.001,-0.031,378.636,0.123,-0.534
00:00:23.435,1572935492864,0.14300000000000002,-0.026,14.607,1.128,3.0,0.009000000000000001,22.91,0.002,-0.031,379.018,0.124,-0.534
00:00:23.436,1572935492865,0.138,-0.026,14.607,1.128,3.0,0.009000000000000001,22.912,0.002,-0.032,379.4,0.124,-0.534
00:00:23.437,1572935492866,0.135,-0.027000000000000003,14.607,1.128,3.0,0.009000000000000001,22.914,0.002,-0.032,379.781,0.125,-0.534
00:00:23.486,1572935492915,0.134,-0.027000000000000003,14.607,1.128,3.0,0.009000000000000001,22.917,0.002,-0.032,380.163,0.126,-0.534
00:00:23.487,1572935492916,0.133,-0.027000000000000003,14.607,1.128,3.0,0.009000000000000001,22.919,0.002,-0.032,380.545,0.127,-0.534
00:00:23.488,1572935492917,0.133,-0.027000000000000003,14.607,0.664,3.0,0.009000000000000001,22.921,0.002,-0.032,380.927,0.127,-0.534
00:00:23.535,1572935492964,0.135,-0.027000000000000003,14.607,0.664,3.0,0.009000000000000001,22.923,0.002,-0.032,381.309,0.128,-0.534
00:00:23.536,1572935492965,0.14,-0.027000000000000003,14.607,0.664,3.0,0.009000000000000001,22.926,0.002,-0.032,381.691,0.129,-0.534
00:00:23.537,1572935492966,0.14300000000000002,-0.027000000000000003,14.607,0.664,3.0,0.009000000000000001,22.928,0.002,-0.032,382.074,0.129,-0.534
00:00:23.586,1572935493015,0.14400000000000002,-0.027000000000000003,14.607,0.664,3.0,0.009000000000000001,22.931,0.002,-0.032,382.456,0.13,-0.534
00:00:23.587,1572935493016,0.145,-0.026,14.607,0.664,3.0,0.009000000000000001,22.933000000000003,0.003,-0.032,382.838,0.131,-0.534
00:00:23.588,1572935493017,0.145,-0.026,14.607,0.664,3.0,0.009000000000000001,22.935,0.003,-0.032,383.22,0.131,-0.534
00:00:23.636,1572935493065,0.145,-0.025,14.607,0.664,3.0,0.009000000000000001,22.938,0.003,-0.032,383.602,0.132,-0.534
00:00:23.637,1572935493066,0.145,-0.025,14.607,0.664,3.0,0.009000000000000001,22.94,0.003,-0.032,383.985,0.133,-0.534
00:00:23.638,1572935493067,0.145,-0.024,14.607,0.664,3.0,0.009000000000000001,22.943,0.003,-0.032,384.367,0.133,-0.534
00:00:23.691,1572935493120,0.145,-0.022,14.607,0.664,3.0,0.009000000000000001,22.945,0.003,-0.032,384.75,0.134,-0.534
00:00:23.692,1572935493121,0.145,-0.021,14.607,0.664,3.0,0.009000000000000001,22.948,0.003,-0.032,385.132,0.135,-0.534
00:00:23.693,1572935493122,0.14400000000000002,-0.019,14.607,0.664,3.0,0.009000000000000001,22.95,0.003,-0.032,385.514,0.135,-0.534
00:00:23.746,1572935493175,0.14400000000000002,-0.017,14.607,0.664,3.0,0.009000000000000001,22.952,0.003,-0.032,385.897,0.136,-0.534
00:00:23.747,1572935493176,0.14400000000000002,-0.015,14.607,0.664,3.0,0.009000000000000001,22.955,0.003,-0.032,386.279,0.136,-0.534
00:00:23.748,1572935493177,0.14400000000000002,-0.013,14.607,0.664,3.0,0.009000000000000001,22.957,0.003,-0.032,386.662,0.13699999999999998,-0.534
00:00:23.749,1572935493178,0.14400000000000002,-0.01,14.607,0.664,3.0,0.009000000000000001,22.96,0.003,-0.032,387.045,0.138,-0.534
00:00:23.801,1572935493230,0.14400000000000002,-0.006999999999999999,14.607,0.664,3.0,0.009000000000000001,22.962,0.003,-0.032,387.427,0.138,-0.534
00:00:23.802,1572935493231,0.14400000000000002,-0.005,14.46,1.128,3.0,0.009000000000000001,22.964,0.003,-0.032,387.81,0.139,-0.534
00:00:23.803,1572935493232,0.141,-0.002,14.46,1.128,3.0,0.009000000000000001,22.967,0.003,-0.032,388.193,0.139,-0.534
00:00:23.851,1572935493280,0.136,0.001,14.46,1.128,3.0,0.008,22.969,0.003,-0.031,388.576,0.14,-0.534
00:00:23.852,1572935493281,0.132,0.003,14.46,1.128,3.0,0.008,22.971,0.002,-0.031,388.959,0.141,-0.534
00:00:23.853,1572935493282,0.128,0.005,14.46,1.128,3.0,0.008,22.97300000000001,0.002,-0.031,389.341,0.141,-0.534
00:00:23.901,1572935493330,0.126,0.006999999999999999,14.46,1.128,3.0,0.006999999999999999,22.975,0.002,-0.032,389.724,0.142,-0.534
00:00:23.902,1572935493331,0.126,0.008,14.46,1.128,3.0,0.006999999999999999,22.977,0.002,-0.032,390.011,0.142,-0.534
00:00:23.903,1572935493332,0.126,0.009000000000000001,14.607,0.664,3.0,0.006999999999999999,22.979,0.002,-0.032,390.371,0.14300000000000002,-0.534
00:00:23.952,1572935493381,0.131,0.01,14.607,0.664,3.0,0.006,22.981,0.001,-0.032,390.753,0.14400000000000002,-0.534
00:00:23.953,1572935493382,0.136,0.011,14.607,0.664,3.0,0.006,22.983,0.001,-0.032,391.137,0.14400000000000002,-0.534
00:00:23.954,1572935493383,0.139,0.012,14.607,0.664,3.0,0.005,22.986,0.001,-0.032,391.52,0.145,-0.534
00:00:24.005,1572935493434,0.142,0.013,14.607,0.664,3.0,0.005,22.988000000000003,0.001,-0.032,391.903,0.145,-0.534
00:00:24.006,1572935493435,0.14300000000000002,0.014,14.607,0.664,3.0,0.004,22.99,0.0,-0.032,392.286,0.146,-0.534
00:00:24.007,1572935493436,0.14400000000000002,0.015,14.607,0.664,3.0,0.004,22.993,0.0,-0.032,392.669,0.147,-0.534
00:00:24.052,1572935493481,0.14400000000000002,0.016,14.607,0.664,3.0,0.004,22.995,-0.001,-0.032,393.052,0.147,-0.534
00:00:24.053,1572935493482,0.14400000000000002,0.017,14.607,0.664,3.0,0.003,22.998,-0.001,-0.032,393.436,0.14800000000000002,-0.534
00:00:24.054,1572935493483,0.14300000000000002,0.019,14.607,0.664,3.0,0.003,23.0,-0.001,-0.032,393.819,0.149,-0.534
00:00:24.103,1572935493532,0.14300000000000002,0.02,14.607,0.664,3.0,0.002,23.002,-0.001,-0.032,394.202,0.149,-0.534
00:00:24.104,1572935493533,0.14300000000000002,0.021,14.607,0.664,3.0,0.002,23.005,-0.002,-0.032,394.586,0.15,-0.534
00:00:24.105,1572935493534,0.14300000000000002,0.022,14.607,0.664,3.0,0.001,23.007,-0.002,-0.032,394.99300000000005,0.151,-0.534
00:00:24.153,1572935493582,0.14300000000000002,0.022,14.607,0.664,3.0,0.001,23.009,-0.002,-0.032,395.353,0.151,-0.534
00:00:24.154,1572935493583,0.142,0.023,14.607,0.664,3.0,0.001,23.012,-0.002,-0.032,395.736,0.152,-0.534
00:00:24.155,1572935493584,0.142,0.023,14.607,0.664,3.0,0.0,23.014,-0.002,-0.032,396.12,0.153,-0.534
00:00:24.204,1572935493633,0.142,0.023,14.607,0.664,3.0,0.0,23.017,-0.002,-0.032,396.527,0.153,-0.534
00:00:24.205,1572935493634,0.142,0.023,14.607,0.664,3.0,0.0,23.019,-0.003,-0.032,396.887,0.154,-0.534
00:00:24.206,1572935493635,0.142,0.021,14.607,0.664,3.0,-0.001,23.021,-0.003,-0.032,397.27,0.155,-0.534
00:00:24.254,1572935493683,0.142,0.019,14.607,0.664,3.0,-0.001,23.024,-0.003,-0.032,397.67800000000005,0.156,-0.534
00:00:24.255,1572935493684,0.142,0.017,14.607,0.664,3.0,-0.002,23.026,-0.003,-0.032,398.038,0.156,-0.534
00:00:24.256,1572935493685,0.142,0.014,14.607,0.664,3.0,-0.002,23.028,-0.003,-0.032,398.422,0.157,-0.534
00:00:24.305,1572935493734,0.142,0.01,14.607,0.664,3.0,-0.002,23.031,-0.003,-0.032,398.806,0.158,-0.534
00:00:24.306,1572935493735,0.142,0.006999999999999999,14.607,0.664,3.0,-0.003,23.033,-0.003,-0.032,399.189,0.158,-0.534
00:00:24.307,1572935493736,0.142,0.003,14.607,0.664,3.0,-0.003,23.036,-0.003,-0.032,399.573,0.159,-0.534
00:00:24.355,1572935493784,0.142,0.0,14.607,0.664,3.0,-0.003,23.038,-0.003,-0.032,399.981,0.16,-0.534
00:00:24.356,1572935493785,0.142,-0.002,14.607,0.664,3.0,-0.003,23.04,-0.003,-0.032,400.341,0.161,-0.534
00:00:24.357,1572935493786,0.142,-0.005,14.607,0.664,3.0,-0.003,23.04300000000001,-0.003,-0.032,400.725,0.161,-0.534
00:00:24.405,1572935493834,0.142,-0.006999999999999999,14.607,0.664,3.0,-0.002,23.045,-0.003,-0.032,401.133,0.162,-0.534
00:00:24.406,1572935493835,0.142,-0.008,14.607,0.664,3.0,-0.002,23.048,-0.003,-0.032,401.517,0.163,-0.534
00:00:24.407,1572935493836,0.142,-0.009000000000000001,14.607,0.664,3.0,-0.002,23.05,-0.002,-0.032,401.878,0.163,-0.534
00:00:24.455,1572935493884,0.142,-0.01,14.607,0.664,3.0,-0.002,23.052,-0.002,-0.031,402.262,0.16399999999999998,-0.534
00:00:24.456,1572935493885,0.142,-0.011,14.607,0.664,3.0,-0.001,23.054,-0.002,-0.031,402.646,0.165,-0.534
00:00:24.457,1572935493886,0.142,-0.013,14.607,0.664,3.0,-0.001,23.057,-0.001,-0.031,403.054,0.166,-0.534
00:00:24.505,1572935493934,0.141,-0.014,14.607,0.664,3.0,-0.001,23.059,-0.001,-0.031,403.415,0.166,-0.534
00:00:24.506,1572935493935,0.141,-0.015,14.607,0.664,3.0,0.0,23.062,-0.001,-0.031,403.799,0.16699999999999998,-0.534
00:00:24.507,1572935493936,0.141,-0.016,14.607,0.664,3.0,0.0,23.064,0.0,-0.031,404.18300000000005,0.168,-0.534
00:00:24.556,1572935493985,0.141,-0.018000000000000002,14.607,0.664,3.0,0.0,23.066,0.0,-0.031,404.568,0.168,-0.534
00:00:24.557,1572935493986,0.141,-0.02,14.607,0.664,3.0,0.0,23.06900000000001,0.001,-0.031,404.952,0.16899999999999998,-0.534
00:00:24.558,1572935493987,0.141,-0.021,14.607,0.664,3.0,0.001,23.071,0.001,-0.032,405.337,0.17,-0.534
00:00:24.610,1572935494039,0.141,-0.023,14.607,0.664,3.0,0.001,23.073,0.001,-0.032,405.721,0.17,-0.534
00:00:24.611,1572935494040,0.141,-0.025,14.607,0.664,3.0,0.001,23.076,0.002,-0.032,406.13,0.171,-0.534
00:00:24.612,1572935494041,0.141,-0.026,14.607,0.664,3.0,0.002,23.07800000000001,0.002,-0.032,406.49,0.172,-0.534
00:00:24.657,1572935494086,0.141,-0.027000000000000003,14.607,0.664,3.0,0.002,23.08,0.002,-0.032,406.875,0.172,-0.534
00:00:24.658,1572935494087,0.141,-0.028,14.607,0.664,3.0,0.002,23.083,0.002,-0.032,407.26,0.173,-0.534
00:00:24.659,1572935494088,0.141,-0.029,14.607,0.664,3.0,0.003,23.085,0.003,-0.032,407.644,0.174,-0.534
00:00:24.708,1572935494137,0.14,-0.03,14.607,0.664,3.0,0.003,23.087,0.003,-0.032,408.029,0.174,-0.534
00:00:24.709,1572935494138,0.14,-0.03,14.607,0.664,3.0,0.003,23.09,0.003,-0.032,408.414,0.175,-0.534
00:00:24.710,1572935494139,0.14,-0.03,14.607,0.664,3.0,0.004,23.092,0.003,-0.032,408.799,0.17600000000000002,-0.534
00:00:24.762,1572935494191,0.14,-0.03,14.607,0.664,3.0,0.004,23.094,0.003,-0.032,409.184,0.17600000000000002,-0.534
00:00:24.763,1572935494192,0.14,-0.03,14.607,0.664,3.0,0.004,23.097,0.003,-0.032,409.593,0.177,-0.534
00:00:24.764,1572935494193,0.14,-0.03,14.607,0.664,3.0,0.004,23.099,0.003,-0.032,409.954,0.177,-0.534
00:00:24.765,1572935494194,0.14,-0.03,14.607,0.664,3.0,0.005,23.101,0.003,-0.032,410.339,0.17800000000000002,-0.534
00:00:24.816,1572935494245,0.14,-0.03,14.607,0.664,3.0,0.005,23.104,0.003,-0.032,410.74800000000016,0.179,-0.534
00:00:24.817,1572935494246,0.14,-0.029,14.607,0.664,3.0,0.005,23.106,0.003,-0.032,411.133,0.179,-0.534
00:00:24.818,1572935494247,0.14,-0.029,14.607,0.664,3.0,0.005,23.108,0.003,-0.032,411.518,0.18,-0.534
00:00:24.862,1572935494291,0.14,-0.028,14.607,0.664,3.0,0.006,23.111,0.003,-0.032,411.879,0.18,-0.534
00:00:24.863,1572935494292,0.14,-0.028,14.607,0.664,3.0,0.006,23.113000000000003,0.003,-0.032,412.264,0.181,-0.534
00:00:24.864,1572935494293,0.14,-0.027000000000000003,14.607,0.664,3.0,0.006,23.115,0.003,-0.032,412.673,0.181,-0.534
00:00:24.913,1572935494342,0.14,-0.026,14.607,0.664,3.0,0.006,23.118,0.003,-0.032,413.035,0.182,-0.534
00:00:24.914,1572935494343,0.14,-0.026,14.607,0.664,3.0,0.006,23.12,0.003,-0.032,413.42,0.182,-0.534
00:00:24.915,1572935494344,0.14,-0.025,14.607,0.664,3.0,0.006,23.122,0.003,-0.032,413.829,0.183,-0.534
00:00:24.978,1572935494407,0.14,-0.024,14.607,0.664,3.0,0.006999999999999999,23.125,0.002,-0.032,414.215,0.183,-0.534
00:00:24.979,1572935494408,0.139,-0.024,14.607,0.664,3.0,0.006999999999999999,23.127,0.002,-0.032,414.6,0.184,-0.534
00:00:24.980,1572935494409,0.139,-0.023,14.607,0.664,3.0,0.006999999999999999,23.129,0.002,-0.032,414.962,0.184,-0.534
00:00:24.981,1572935494410,0.139,-0.023,14.607,0.664,3.0,0.006999999999999999,23.132,0.002,-0.032,415.347,0.185,-0.534
00:00:25.028,1572935494457,0.139,-0.022,14.607,0.664,3.0,0.006999999999999999,23.134,0.002,-0.032,415.733,0.185,-0.534
00:00:25.029,1572935494458,0.139,-0.022,14.607,0.664,3.0,0.006999999999999999,23.136,0.002,-0.032,416.142,0.18600000000000005,-0.534
00:00:25.030,1572935494459,0.139,-0.021,14.607,0.664,3.0,0.006999999999999999,23.139,0.002,-0.032,416.528,0.18600000000000005,-0.534
00:00:25.079,1572935494508,0.139,-0.02,14.607,0.664,3.0,0.006999999999999999,23.141,0.002,-0.032,416.914,0.187,-0.534
00:00:25.080,1572935494509,0.139,-0.02,14.607,0.664,3.0,0.006999999999999999,23.143,0.002,-0.032,417.275,0.187,-0.534
00:00:25.081,1572935494510,0.139,-0.02,14.607,0.664,3.0,0.006999999999999999,23.146,0.002,-0.032,417.685,0.188,-0.534
00:00:25.129,1572935494558,0.139,-0.019,14.46,0.664,3.0,0.006999999999999999,23.148000000000003,0.002,-0.032,418.071,0.188,-0.534
00:00:25.130,1572935494559,0.138,-0.018000000000000002,14.46,0.664,3.0,0.006999999999999999,23.15,0.002,-0.032,418.43300000000005,0.188,-0.534
00:00:25.131,1572935494560,0.13699999999999998,-0.017,14.46,0.664,3.0,0.006999999999999999,23.152,0.002,-0.032,418.843,0.189,-0.534
00:00:25.179,1572935494608,0.136,-0.017,14.46,0.664,3.0,0.006999999999999999,23.155,0.002,-0.032,419.204,0.189,-0.534
00:00:25.180,1572935494609,0.134,-0.016,14.46,0.664,3.0,0.006999999999999999,23.157,0.002,-0.032,419.614,0.19,-0.534
00:00:25.181,1572935494610,0.133,-0.016,14.46,0.664,3.0,0.006999999999999999,23.159,0.001,-0.032,420.0,0.19,-0.534
00:00:25.229,1572935494658,0.132,-0.015,14.607,0.664,3.0,0.006999999999999999,23.161,0.001,-0.033,420.386,0.191,-0.534
00:00:25.230,1572935494659,0.132,-0.015,14.607,0.664,3.0,0.006999999999999999,23.164,0.001,-0.033,420.772,0.191,-0.534
00:00:25.231,1572935494660,0.134,-0.014,14.607,0.664,3.0,0.006999999999999999,23.166,0.001,-0.033,421.158,0.191,-0.534
00:00:25.280,1572935494709,0.135,-0.014,14.607,0.664,3.0,0.006999999999999999,23.16800000000001,0.001,-0.033,421.545,0.192,-0.534
00:00:25.281,1572935494710,0.13699999999999998,-0.013,14.607,0.664,3.0,0.006999999999999999,23.17,0.001,-0.033,421.931,0.192,-0.534
00:00:25.282,1572935494711,0.138,-0.013,14.607,0.664,3.0,0.006999999999999999,23.173,0.001,-0.033,422.317,0.193,-0.534
00:00:25.332,1572935494761,0.139,-0.013,14.607,0.664,3.0,0.006999999999999999,23.175,0.001,-0.033,422.703,0.193,-0.534
00:00:25.333,1572935494762,0.139,-0.013,14.607,0.664,3.0,0.006999999999999999,23.177,0.001,-0.033,423.089,0.193,-0.534
00:00:25.334,1572935494763,0.139,-0.012,14.607,0.664,3.0,0.006,23.18,0.001,-0.033,423.476,0.194,-0.534
00:00:25.386,1572935494815,0.138,-0.012,14.607,0.664,3.0,0.006,23.182,0.001,-0.033,423.862,0.194,-0.534
00:00:25.387,1572935494816,0.138,-0.012,14.607,0.664,3.0,0.006,23.184,0.001,-0.033,424.24800000000016,0.194,-0.534
00:00:25.388,1572935494817,0.138,-0.012,14.607,0.664,3.0,0.006,23.186,0.001,-0.033,424.635,0.195,-0.534
00:00:25.437,1572935494866,0.138,-0.012,14.607,0.664,3.0,0.006,23.189,0.001,-0.033,424.997,0.195,-0.534
00:00:25.438,1572935494867,0.138,-0.012,14.607,0.664,3.0,0.006,23.191,0.001,-0.033,425.408,0.196,-0.534
00:00:25.439,1572935494868,0.138,-0.012,14.607,0.664,3.0,0.006,23.193,0.001,-0.033,425.794,0.196,-0.534
00:00:25.487,1572935494916,0.13699999999999998,-0.012,14.607,0.664,3.0,0.006,23.196,0.001,-0.033,426.181,0.196,-0.534
00:00:25.488,1572935494917,0.13699999999999998,-0.012,14.607,0.664,3.0,0.006,23.198,0.001,-0.033,426.568,0.197,-0.534
00:00:25.489,1572935494918,0.13699999999999998,-0.012,14.607,0.664,3.0,0.006,23.2,0.001,-0.033,426.954,0.197,-0.534
00:00:25.537,1572935494966,0.13699999999999998,-0.012,14.607,0.664,3.0,0.006,23.20300000000001,0.001,-0.033,427.341,0.197,-0.534
00:00:25.538,1572935494967,0.13699999999999998,-0.011,14.607,0.664,3.0,0.006,23.205,0.001,-0.033,427.728,0.198,-0.534
00:00:25.539,1572935494968,0.13699999999999998,-0.011,14.607,0.664,3.0,0.006,23.207,0.001,-0.033,428.114,0.198,-0.534
00:00:25.587,1572935495016,0.13699999999999998,-0.011,14.607,0.664,3.0,0.006,23.209,0.001,-0.033,428.501,0.198,-0.534
00:00:25.588,1572935495017,0.13699999999999998,-0.012,14.607,0.664,3.0,0.006,23.212,0.001,-0.033,428.888,0.199,-0.534
00:00:25.589,1572935495018,0.13699999999999998,-0.012,14.607,0.664,3.0,0.006,23.214,0.001,-0.033,429.275,0.199,-0.534
00:00:25.638,1572935495067,0.13699999999999998,-0.013,14.607,0.664,3.0,0.006,23.216,0.001,-0.033,429.638,0.199,-0.534
00:00:25.639,1572935495068,0.13699999999999998,-0.014,14.607,0.664,3.0,0.006,23.218000000000004,0.001,-0.033,430.049,0.2,-0.534
00:00:25.640,1572935495069,0.13699999999999998,-0.016,14.607,0.664,3.0,0.005,23.221,0.001,-0.033,430.436,0.2,-0.534
00:00:25.689,1572935495118,0.13699999999999998,-0.018000000000000002,14.607,0.664,3.0,0.005,23.22300000000001,0.001,-0.033,430.823,0.2,-0.534
00:00:25.690,1572935495119,0.13699999999999998,-0.019,14.607,0.664,3.0,0.005,23.225,0.001,-0.033,431.21,0.201,-0.534
00:00:25.691,1572935495120,0.13699999999999998,-0.021,14.607,0.664,3.0,0.005,23.228,0.001,-0.033,431.597,0.201,-0.534
00:00:25.740,1572935495169,0.136,-0.022,14.607,1.128,3.0,0.005,23.23,0.001,-0.033,431.96,0.201,-0.534
00:00:25.741,1572935495170,0.13,-0.024,14.607,1.128,3.0,0.005,23.232,0.001,-0.033,432.371,0.202,-0.534
00:00:25.742,1572935495171,0.127,-0.025,14.607,1.128,3.0,0.005,23.234,0.001,-0.033,432.759,0.202,-0.534
00:00:25.791,1572935495220,0.125,-0.025,14.607,1.128,3.0,0.006,23.236,0.001,-0.033,433.146,0.202,-0.534
00:00:25.792,1572935495221,0.124,-0.026,14.607,1.128,3.0,0.006,23.239,0.001,-0.033,433.63,0.203,-0.534
00:00:25.793,1572935495222,0.124,-0.026,14.607,1.128,3.0,0.006,23.24,0.001,-0.033,433.92,0.203,-0.534
00:00:25.841,1572935495270,0.125,-0.027000000000000003,14.607,0.664,3.0,0.006,23.242,0.001,-0.033,434.30800000000005,0.203,-0.534
00:00:25.842,1572935495271,0.13,-0.027000000000000003,14.607,0.664,3.0,0.006,23.245,0.001,-0.033,434.695,0.203,-0.534
00:00:25.843,1572935495272,0.133,-0.028,14.607,0.664,3.0,0.006999999999999999,23.247,0.001,-0.033,435.083,0.204,-0.534
00:00:25.895,1572935495324,0.135,-0.029,14.607,0.664,3.0,0.006999999999999999,23.249,0.001,-0.033,435.47,0.204,-0.534
00:00:25.896,1572935495325,0.136,-0.03,14.607,0.664,3.0,0.006999999999999999,23.251,0.002,-0.033,435.858,0.204,-0.534
00:00:25.897,1572935495326,0.136,-0.03,14.607,0.664,3.0,0.006999999999999999,23.254,0.002,-0.033,436.245,0.204,-0.534
00:00:25.943,1572935495372,0.136,-0.031,14.607,0.664,3.0,0.006999999999999999,23.256,0.002,-0.033,436.633,0.204,-0.534
00:00:25.944,1572935495373,0.136,-0.032,14.607,0.664,3.0,0.006999999999999999,23.25800000000001,0.002,-0.033,437.02,0.205,-0.534
00:00:25.945,1572935495374,0.136,-0.032,14.607,0.664,3.0,0.008,23.26,0.002,-0.033,437.408,0.205,-0.534
00:00:25.991,1572935495420,0.136,-0.033,14.607,0.664,3.0,0.008,23.263,0.002,-0.033,437.796,0.205,-0.534
00:00:25.992,1572935495421,0.136,-0.033,14.607,0.664,3.0,0.008,23.265,0.003,-0.034,438.18300000000005,0.205,-0.534
00:00:25.993,1572935495422,0.136,-0.033,14.607,0.664,3.0,0.008,23.267,0.003,-0.034,438.571,0.205,-0.534
00:00:26.042,1572935495471,0.135,-0.034,14.607,0.664,3.0,0.008,23.269,0.003,-0.034,438.935,0.206,-0.534
00:00:26.043,1572935495472,0.135,-0.034,14.607,0.664,3.0,0.008,23.272,0.003,-0.034,439.347,0.206,-0.534
00:00:26.044,1572935495473,0.135,-0.033,14.607,0.664,3.0,0.009000000000000001,23.274,0.003,-0.034,439.735,0.206,-0.534
00:00:26.102,1572935495531,0.135,-0.033,14.607,0.664,3.0,0.009000000000000001,23.276,0.003,-0.034,440.12300000000016,0.206,-0.534
00:00:26.103,1572935495532,0.135,-0.033,14.607,0.664,3.0,0.009000000000000001,23.278,0.003,-0.034,440.51,0.206,-0.534
00:00:26.104,1572935495533,0.135,-0.033,14.607,0.664,3.0,0.009000000000000001,23.281,0.003,-0.033,440.898,0.206,-0.534
00:00:26.105,1572935495534,0.135,-0.033,14.607,0.664,3.0,0.009000000000000001,23.283,0.003,-0.033,441.287,0.206,-0.534
00:00:26.153,1572935495582,0.135,-0.033,14.607,0.664,3.0,0.009000000000000001,23.285,0.003,-0.033,441.675,0.206,-0.534
00:00:26.154,1572935495583,0.135,-0.033,14.607,0.664,3.0,0.009000000000000001,23.287,0.003,-0.033,442.06300000000016,0.207,-0.534
00:00:26.155,1572935495584,0.135,-0.033,14.607,0.664,3.0,0.009000000000000001,23.29,0.003,-0.033,442.451,0.207,-0.534
00:00:26.208,1572935495637,0.135,-0.033,14.607,0.664,3.0,0.01,23.292,0.003,-0.033,442.839,0.207,-0.534
00:00:26.209,1572935495638,0.135,-0.032,14.607,0.664,3.0,0.01,23.294,0.003,-0.033,443.227,0.207,-0.534
00:00:26.210,1572935495639,0.135,-0.032,14.607,0.664,3.0,0.01,23.296,0.003,-0.033,443.615,0.207,-0.534
00:00:26.259,1572935495688,0.135,-0.032,14.607,0.664,3.0,0.01,23.299,0.003,-0.033,444.004,0.207,-0.534
00:00:26.260,1572935495689,0.135,-0.031,14.607,0.664,3.0,0.01,23.301,0.003,-0.033,444.392,0.207,-0.534
00:00:26.261,1572935495690,0.135,-0.031,14.607,0.664,3.0,0.01,23.303,0.003,-0.033,444.78,0.207,-0.534
00:00:26.309,1572935495738,0.134,-0.031,14.607,0.664,3.0,0.01,23.305,0.003,-0.033,445.169,0.207,-0.534
00:00:26.310,1572935495739,0.134,-0.031,14.607,0.664,3.0,0.01,23.308000000000003,0.003,-0.033,445.557,0.207,-0.534
00:00:26.311,1572935495740,0.134,-0.032,14.607,0.664,3.0,0.01,23.31,0.003,-0.033,445.946,0.207,-0.534
00:00:26.359,1572935495788,0.134,-0.032,14.607,0.664,3.0,0.01,23.312,0.002,-0.033,446.334,0.207,-0.534
00:00:26.360,1572935495789,0.134,-0.033,14.607,0.664,3.0,0.01,23.314,0.002,-0.033,446.723,0.207,-0.534
00:00:26.361,1572935495790,0.134,-0.034,14.607,0.664,3.0,0.01,23.317,0.002,-0.033,447.111,0.207,-0.534
00:00:26.410,1572935495839,0.134,-0.035,14.607,0.664,3.0,0.01,23.31900000000001,0.002,-0.033,447.5,0.207,-0.534
00:00:26.411,1572935495840,0.134,-0.037000000000000005,14.607,0.664,3.0,0.01,23.321,0.002,-0.033,447.889,0.207,-0.534
00:00:26.412,1572935495841,0.134,-0.038,14.46,0.664,3.0,0.01,23.323,0.002,-0.033,448.277,0.207,-0.534
00:00:26.413,1572935495842,0.134,-0.039,14.46,0.664,3.0,0.01,23.325,0.002,-0.033,448.666,0.207,-0.534
00:00:26.461,1572935495890,0.132,-0.04,14.46,0.664,3.0,0.01,23.32800000000001,0.002,-0.033,449.055,0.206,-0.534
00:00:26.462,1572935495891,0.131,-0.041,14.46,0.664,3.0,0.011,23.33,0.002,-0.033,449.444,0.206,-0.534
00:00:26.463,1572935495892,0.129,-0.041,14.46,0.664,3.0,0.011,23.332,0.002,-0.033,449.833,0.206,-0.534
00:00:26.511,1572935495940,0.128,-0.042,14.46,0.664,3.0,0.011,23.334,0.002,-0.033,450.221,0.206,-0.534
00:00:26.512,1572935495941,0.127,-0.042,14.827,0.664,3.0,0.011,23.336,0.002,-0.033,450.61,0.206,-0.534
00:00:26.513,1572935495942,0.128,-0.042,14.827,0.664,3.0,0.011,23.338,0.002,-0.033,450.999,0.206,-0.534
00:00:26.562,1572935495991,0.131,-0.041,14.827,0.664,3.0,0.012,23.341,0.002,-0.033,451.388,0.206,-0.534
00:00:26.563,1572935495992,0.135,-0.041,14.827,0.664,3.0,0.012,23.343000000000004,0.002,-0.033,451.777,0.206,-0.534
00:00:26.564,1572935495993,0.139,-0.041,14.827,0.664,3.0,0.012,23.345,0.002,-0.033,452.166,0.205,-0.534
00:00:26.612,1572935496041,0.142,-0.041,14.827,0.664,3.0,0.012,23.34800000000001,0.003,-0.033,452.556,0.205,-0.534
00:00:26.613,1572935496042,0.14400000000000002,-0.042,14.827,0.664,3.0,0.012,23.35,0.003,-0.033,452.945,0.205,-0.534
00:00:26.614,1572935496043,0.14400000000000002,-0.042,14.827,0.664,3.0,0.013,23.352,0.003,-0.033,453.334,0.205,-0.534
00:00:26.662,1572935496091,0.14300000000000002,-0.043,14.827,0.664,3.0,0.013,23.355,0.003,-0.033,453.723,0.205,-0.534
00:00:26.663,1572935496092,0.14300000000000002,-0.043,14.827,0.664,3.0,0.013,23.357,0.003,-0.033,454.112,0.204,-0.534
00:00:26.664,1572935496093,0.142,-0.044,14.827,0.664,3.0,0.013,23.36,0.003,-0.033,454.502,0.204,-0.534
00:00:26.712,1572935496141,0.141,-0.044,14.827,0.664,3.0,0.013,23.362,0.004,-0.033,454.891,0.204,-0.534
00:00:26.713,1572935496142,0.141,-0.045,11.091,0.664,3.0,0.013,23.364,0.004,-0.033,455.28,0.204,-0.534
00:00:26.714,1572935496143,0.133,-0.045,11.091,0.664,3.0,0.013,23.366,0.004,-0.033,455.67,0.203,-0.534
00:00:26.769,1572935496198,0.112,-0.045,11.091,0.664,3.0,0.014,23.368,0.004,-0.033,456.059,0.203,-0.534
00:00:26.770,1572935496199,0.08,-0.045,11.091,0.664,3.0,0.014,23.369,0.004,-0.033,456.449,0.203,-0.534
00:00:26.771,1572935496200,0.046,-0.045,11.091,0.664,3.0,0.014,23.369,0.004,-0.034,456.838,0.202,-0.534
00:00:26.820,1572935496249,0.019,-0.044,11.091,0.664,3.0,0.014,23.369,0.004,-0.034,457.228,0.202,-0.534
00:00:26.821,1572935496250,0.002,-0.044,2.595,0.664,3.0,0.014,23.369,0.004,-0.035,457.617,0.202,-0.534
00:00:26.822,1572935496251,-0.018000000000000002,-0.043,2.595,0.664,3.0,0.014,23.368,0.004,-0.036000000000000004,458.007,0.201,-0.534
00:00:26.872,1572935496301,-0.06,-0.042,2.595,0.664,3.0,0.014,23.366,0.004,-0.038,458.396,0.201,-0.534
00:00:26.873,1572935496302,-0.132,-0.041,2.595,0.664,3.0,0.014,23.363000000000003,0.004,-0.039,458.786,0.201,-0.534
00:00:26.874,1572935496303,-0.214,-0.041,2.595,0.664,3.0,0.014,23.358,0.004,-0.042,459.175,0.2,-0.534
00:00:26.924,1572935496353,-0.276,-0.042,2.595,0.664,3.0,0.015,23.353,0.004,-0.044,459.564,0.2,-0.534
00:00:26.925,1572935496354,-0.292,-0.04,2.302,0.664,3.0,0.015,23.34800000000001,0.004,-0.047,459.953,0.199,-0.534
00:00:26.926,1572935496355,-0.278,-0.038,2.302,0.664,3.0,0.015,23.344,0.004,-0.05,460.342,0.199,-0.534
00:00:26.978,1572935496407,-0.259,-0.037000000000000005,2.302,0.664,3.0,0.015,23.34,0.004,-0.054000000000000006,460.731,0.198,-0.534
00:00:26.979,1572935496408,-0.258,-0.037000000000000005,2.302,0.664,3.0,0.015,23.335,0.004,-0.057,461.12,0.198,-0.534
00:00:26.980,1572935496409,-0.268,-0.037000000000000005,2.302,0.664,3.0,0.015,23.331,0.004,-0.06,461.509,0.198,-0.534
00:00:26.981,1572935496410,-0.267,-0.036000000000000004,2.302,0.664,3.0,0.015,23.326,0.004,-0.063,461.898,0.197,-0.534
00:00:27.028,1572935496457,-0.269,-0.036000000000000004,2.082,0.664,3.0,0.015,23.322,0.004,-0.067,462.287,0.197,-0.534
00:00:27.029,1572935496458,-0.273,-0.037000000000000005,2.082,0.664,3.0,0.015,23.317,0.004,-0.07,462.675,0.196,-0.534
00:00:27.030,1572935496459,-0.276,-0.037000000000000005,2.082,0.664,3.0,0.015,23.313,0.003,-0.073,463.064,0.196,-0.534
00:00:27.078,1572935496507,-0.277,-0.037000000000000005,2.082,0.664,3.0,0.015,23.308000000000003,0.003,-0.076,463.453,0.195,-0.534
00:00:27.079,1572935496508,-0.277,-0.036000000000000004,2.082,0.664,3.0,0.015,23.303,0.003,-0.079,463.841,0.195,-0.534
00:00:27.080,1572935496509,-0.277,-0.036000000000000004,2.082,0.664,3.0,0.015,23.299,0.003,-0.08199999999999999,464.229,0.194,-0.534
00:00:27.131,1572935496560,-0.279,-0.036000000000000004,1.423,0.664,3.0,0.015,23.294,0.003,-0.085,464.61800000000005,0.194,-0.534
00:00:27.132,1572935496561,-0.289,-0.036000000000000004,1.423,0.664,3.0,0.015,23.289,0.003,-0.087,465.006,0.193,-0.534
00:00:27.133,1572935496562,-0.29600000000000004,-0.036000000000000004,1.423,0.664,3.0,0.015,23.284,0.003,-0.09,465.418,0.192,-0.534
00:00:27.182,1572935496611,-0.298,-0.036000000000000004,1.423,0.664,3.0,0.015,23.279,0.003,-0.092,465.782,0.192,-0.534
00:00:27.183,1572935496612,-0.3,-0.035,1.423,0.664,3.0,0.015,23.274,0.003,-0.094,466.17,0.191,-0.534
00:00:27.184,1572935496613,-0.3,-0.035,1.423,0.664,3.0,0.015,23.269,0.003,-0.096,466.55800000000005,0.191,-0.534
00:00:27.236,1572935496665,-0.3,-0.035,1.13,0.664,3.0,0.015,23.264,0.003,-0.097,466.946,0.19,-0.534
00:00:27.237,1572935496666,-0.305,-0.035,1.13,0.664,3.0,0.015,23.259,0.003,-0.099,467.333,0.19,-0.534
00:00:27.238,1572935496667,-0.308,-0.035,1.13,0.664,3.0,0.015,23.254,0.003,-0.1,467.721,0.189,-0.534
00:00:27.284,1572935496713,-0.309,-0.035,1.13,0.664,3.0,0.015,23.248,0.003,-0.101,468.108,0.188,-0.534
00:00:27.285,1572935496714,-0.31,-0.035,1.13,0.664,3.0,0.015,23.243,0.003,-0.102,468.496,0.188,-0.534
00:00:27.286,1572935496715,-0.31,-0.035,1.13,0.664,3.0,0.015,23.238000000000003,0.003,-0.102,468.883,0.187,-0.534
00:00:27.334,1572935496763,-0.31,-0.035,1.13,0.664,3.0,0.015,23.233,0.003,-0.103,469.27,0.18600000000000005,-0.534
00:00:27.335,1572935496764,-0.309,-0.035,1.13,0.664,3.0,0.015,23.228,0.003,-0.103,469.658,0.18600000000000005,-0.534
00:00:27.336,1572935496765,-0.309,-0.035,1.13,0.664,3.0,0.015,23.22300000000001,0.003,-0.103,470.045,0.185,-0.534
00:00:27.387,1572935496816,-0.309,-0.036000000000000004,1.13,0.664,3.0,0.015,23.217,0.003,-0.103,470.432,0.184,-0.534
00:00:27.388,1572935496817,-0.309,-0.036000000000000004,1.13,0.664,3.0,0.015,23.212,0.003,-0.102,470.819,0.184,-0.534
00:00:27.389,1572935496818,-0.309,-0.036000000000000004,1.13,0.664,3.0,0.015,23.207,0.003,-0.102,471.205,0.183,-0.534
00:00:27.437,1572935496866,-0.308,-0.036000000000000004,1.789,0.664,3.0,0.015,23.202,0.003,-0.101,471.592,0.182,-0.534
00:00:27.438,1572935496867,-0.297,-0.035,1.789,0.664,3.0,0.015,23.197,0.003,-0.1,471.979,0.182,-0.535
00:00:27.439,1572935496868,-0.29,-0.035,1.789,0.664,3.0,0.015,23.193,0.003,-0.1,472.365,0.181,-0.535
00:00:27.492,1572935496921,-0.287,-0.035,1.789,0.664,3.0,0.015,23.188,0.003,-0.099,472.752,0.18,-0.535
00:00:27.493,1572935496922,-0.28600000000000003,-0.035,1.789,0.664,3.0,0.015,23.183000000000003,0.003,-0.098,473.138,0.179,-0.535
00:00:27.494,1572935496923,-0.285,-0.035,1.789,0.664,3.0,0.015,23.178,0.003,-0.097,473.525,0.179,-0.535
00:00:27.538,1572935496967,-0.285,-0.036000000000000004,2.302,0.664,3.0,0.014,23.174,0.003,-0.096,473.911,0.17800000000000002,-0.535
00:00:27.539,1572935496968,-0.277,-0.035,2.302,0.664,3.0,0.014,23.169,0.003,-0.095,474.297,0.177,-0.535
00:00:27.540,1572935496969,-0.271,-0.035,2.302,0.664,3.0,0.014,23.165,0.003,-0.094,474.68300000000005,0.17600000000000002,-0.535
00:00:27.590,1572935497019,-0.268,-0.035,2.302,0.664,3.0,0.014,23.16,0.003,-0.093,475.069,0.175,-0.535
00:00:27.591,1572935497020,-0.267,-0.035,2.302,0.664,3.0,0.014,23.156,0.003,-0.092,475.455,0.175,-0.535
00:00:27.592,1572935497021,-0.267,-0.035,2.302,0.664,3.0,0.014,23.151,0.003,-0.091,475.841,0.174,-0.535
00:00:27.644,1572935497073,-0.267,-0.035,2.595,0.664,3.0,0.014,23.147,0.003,-0.09,476.227,0.173,-0.535
00:00:27.645,1572935497074,-0.262,-0.035,2.595,0.664,3.0,0.014,23.143,0.003,-0.08900000000000001,476.61300000000006,0.172,-0.535
00:00:27.646,1572935497075,-0.259,-0.035,2.595,0.664,3.0,0.014,23.138,0.003,-0.08800000000000001,476.99800000000016,0.171,-0.535
00:00:27.695,1572935497124,-0.257,-0.035,2.595,0.664,3.0,0.014,23.134,0.003,-0.087,477.384,0.17,-0.535
00:00:27.696,1572935497125,-0.257,-0.035,2.595,0.664,3.0,0.014,23.13,0.003,-0.086,477.77,0.17,-0.535
00:00:27.697,1572935497126,-0.257,-0.035,2.595,0.664,3.0,0.014,23.126,0.003,-0.085,478.155,0.16899999999999998,-0.535
00:00:27.739,1572935497168,-0.256,-0.034,3.108,0.664,3.0,0.014,23.121,0.003,-0.085,478.54,0.168,-0.535
00:00:27.740,1572935497169,-0.253,-0.034,3.108,0.664,3.0,0.014,23.117,0.003,-0.084,478.926,0.16699999999999998,-0.535
00:00:27.741,1572935497170,-0.245,-0.033,3.108,0.664,3.0,0.014,23.113000000000003,0.003,-0.083,479.311,0.166,-0.535
00:00:27.790,1572935497219,-0.237,-0.033,3.108,0.664,3.0,0.014,23.109,0.003,-0.083,479.696,0.165,-0.535
00:00:27.791,1572935497220,-0.237,-0.032,3.108,0.664,3.0,0.014,23.105,0.003,-0.08199999999999999,480.081,0.16399999999999998,-0.535
00:00:27.792,1572935497221,-0.238,-0.032,3.108,0.664,3.0,0.014,23.101,0.003,-0.081,480.466,0.163,-0.535
00:00:27.842,1572935497271,-0.238,-0.031,3.767,0.664,3.0,0.014,23.097,0.003,-0.081,480.851,0.162,-0.535
00:00:27.843,1572935497272,-0.238,-0.03,3.767,0.664,3.0,0.014,23.093000000000004,0.003,-0.081,481.236,0.161,-0.535
00:00:27.844,1572935497273,-0.234,-0.029,3.767,0.664,3.0,0.013,23.09,0.003,-0.08,481.621,0.16,-0.535
00:00:27.892,1572935497321,-0.228,-0.028,3.767,0.664,3.0,0.013,23.086,0.003,-0.08,482.006,0.159,-0.535
00:00:27.893,1572935497322,-0.223,-0.027000000000000003,3.767,0.664,3.0,0.013,23.082,0.003,-0.08,482.391,0.159,-0.535
00:00:27.894,1572935497323,-0.219,-0.026,3.767,0.664,3.0,0.013,23.079,0.003,-0.079,482.775,0.158,-0.535
00:00:27.949,1572935497378,-0.217,-0.026,4.646,0.664,3.0,0.013,23.075,0.003,-0.079,483.16,0.157,-0.535
00:00:27.950,1572935497379,-0.215,-0.025,4.646,0.664,3.0,0.013,23.072,0.003,-0.079,483.544,0.156,-0.535
00:00:27.951,1572935497380,-0.212,-0.025,4.646,0.664,3.0,0.013,23.068,0.003,-0.079,483.929,0.155,-0.535
00:00:27.952,1572935497381,-0.207,-0.024,4.646,0.664,3.0,0.013,23.065,0.003,-0.078,484.31300000000016,0.154,-0.535
00:00:28.007,1572935497436,-0.203,-0.024,4.646,0.664,3.0,0.013,23.061,0.003,-0.078,484.698,0.153,-0.535
00:00:28.008,1572935497437,-0.198,-0.023,4.646,0.664,3.0,0.012,23.058000000000003,0.003,-0.078,485.082,0.152,-0.535
00:00:28.009,1572935497438,-0.194,-0.023,5.305,0.664,3.0,0.012,23.055,0.002,-0.078,485.466,0.151,-0.535
00:00:28.063,1572935497492,-0.19,-0.022,5.305,0.664,3.0,0.012,23.052,0.002,-0.077,485.851,0.15,-0.535
00:00:28.064,1572935497493,-0.18600000000000005,-0.022,5.305,0.664,3.0,0.012,23.049,0.002,-0.077,486.235,0.149,-0.535
00:00:28.065,1572935497494,-0.181,-0.022,5.305,0.664,3.0,0.012,23.046,0.002,-0.077,486.619,0.147,-0.535
00:00:28.108,1572935497537,-0.17600000000000002,-0.021,5.305,0.664,3.0,0.012,23.04300000000001,0.002,-0.077,487.003,0.146,-0.535
00:00:28.109,1572935497538,-0.172,-0.021,5.305,0.664,3.0,0.011,23.04,0.002,-0.076,487.387,0.145,-0.535
00:00:28.110,1572935497539,-0.168,-0.02,5.4510000000000005,0.664,3.0,0.011,23.037,0.002,-0.076,487.771,0.14400000000000002,-0.535
00:00:28.158,1572935497587,-0.166,-0.02,5.4510000000000005,0.664,3.0,0.011,23.035,0.002,-0.075,488.155,0.14300000000000002,-0.535
00:00:28.159,1572935497588,-0.16399999999999998,-0.02,5.4510000000000005,0.664,3.0,0.011,23.032,0.002,-0.075,488.539,0.142,-0.535
00:00:28.160,1572935497589,-0.163,-0.019,5.4510000000000005,0.664,3.0,0.011,23.029,0.002,-0.075,488.923,0.141,-0.535
00:00:28.208,1572935497637,-0.162,-0.019,5.4510000000000005,0.664,3.0,0.011,23.027,0.002,-0.07400000000000001,489.306,0.14,-0.535
00:00:28.209,1572935497638,-0.161,-0.019,5.4510000000000005,0.664,3.0,0.011,23.024,0.002,-0.07400000000000001,489.714,0.139,-0.535
00:00:28.210,1572935497639,-0.161,-0.019,5.818,0.664,3.0,0.01,23.021,0.001,-0.073,490.074,0.138,-0.535
00:00:28.259,1572935497688,-0.161,-0.019,5.818,0.664,3.0,0.01,23.019,0.001,-0.073,490.458,0.13699999999999998,-0.535
00:00:28.260,1572935497689,-0.159,-0.019,5.818,0.664,3.0,0.01,23.016,0.001,-0.073,490.841,0.136,-0.535
00:00:28.261,1572935497690,-0.157,-0.019,5.818,0.664,3.0,0.01,23.013,0.001,-0.07200000000000001,491.249,0.135,-0.535
00:00:28.310,1572935497739,-0.154,-0.019,5.818,0.664,3.0,0.01,23.011,0.001,-0.07200000000000001,491.608,0.134,-0.535
00:00:28.311,1572935497740,-0.152,-0.019,5.818,0.664,3.0,0.01,23.00800000000001,0.001,-0.07200000000000001,491.992,0.132,-0.535
00:00:28.312,1572935497741,-0.15,-0.019,6.2570000000000014,0.664,3.0,0.01,23.006,0.001,-0.071,492.375,0.131,-0.535
00:00:28.313,1572935497742,-0.149,-0.019,6.2570000000000014,0.664,3.0,0.01,23.003,0.001,-0.071,492.759,0.13,-0.535
00:00:28.361,1572935497790,-0.146,-0.019,6.2570000000000014,0.664,3.0,0.01,23.001,0.001,-0.071,493.166,0.129,-0.535
00:00:28.362,1572935497791,-0.14300000000000002,-0.019,6.2570000000000014,0.664,3.0,0.009000000000000001,22.999,0.001,-0.07,493.525,0.128,-0.535
00:00:28.363,1572935497792,-0.14,-0.019,6.2570000000000014,0.664,3.0,0.009000000000000001,22.996,0.001,-0.07,493.909,0.127,-0.535
00:00:28.421,1572935497850,-0.13699999999999998,-0.02,6.2570000000000014,0.664,3.0,0.009000000000000001,22.994,0.001,-0.07,494.292,0.126,-0.535
00:00:28.422,1572935497851,-0.136,-0.02,6.477,0.664,3.0,0.009000000000000001,22.992,0.001,-0.07,494.675,0.125,-0.535
00:00:28.423,1572935497852,-0.134,-0.02,6.477,0.664,3.0,0.009000000000000001,22.99,0.001,-0.069,495.05800000000005,0.123,-0.535
00:00:28.468,1572935497897,-0.133,-0.02,6.477,0.664,3.0,0.009000000000000001,22.987,0.001,-0.069,495.441,0.122,-0.535
00:00:28.469,1572935497898,-0.132,-0.019,6.477,0.664,3.0,0.009000000000000001,22.985,0.001,-0.069,495.825,0.121,-0.535
00:00:28.470,1572935497899,-0.13,-0.019,6.477,0.664,3.0,0.009000000000000001,22.983,0.002,-0.069,496.232,0.12,-0.535
00:00:28.518,1572935497947,-0.129,-0.019,6.477,0.664,3.0,0.009000000000000001,22.981,0.002,-0.068,496.615,0.119,-0.535
00:00:28.519,1572935497948,-0.128,-0.018000000000000002,6.6229999999999976,0.664,3.0,0.009000000000000001,22.979,0.002,-0.068,496.974,0.118,-0.535
00:00:28.520,1572935497949,-0.128,-0.017,6.6229999999999976,0.664,3.0,0.009000000000000001,22.977,0.002,-0.068,497.357,0.116,-0.535
00:00:28.567,1572935497996,-0.127,-0.017,6.6229999999999976,0.664,3.0,0.009000000000000001,22.975,0.002,-0.068,497.74,0.115,-0.535
00:00:28.568,1572935497997,-0.126,-0.017,6.6229999999999976,0.664,3.0,0.009000000000000001,22.97300000000001,0.002,-0.068,498.122,0.114,-0.535
00:00:28.569,1572935497998,-0.125,-0.016,6.6229999999999976,0.664,3.0,0.009000000000000001,22.971,0.002,-0.067,498.505,0.113,-0.535
00:00:28.619,1572935498048,-0.124,-0.016,6.6229999999999976,0.664,3.0,0.008,22.968000000000004,0.002,-0.067,498.888,0.112,-0.535
00:00:28.620,1572935498049,-0.124,-0.016,5.964,0.664,3.0,0.008,22.966,0.002,-0.067,499.271,0.11,-0.535
00:00:28.621,1572935498050,-0.124,-0.016,5.964,0.664,3.0,0.008,22.964,0.002,-0.067,499.654,0.109,-0.535
00:00:28.672,1572935498101,-0.127,-0.016,5.964,0.664,3.0,0.008,22.962,0.002,-0.067,500.036,0.108,-0.535
00:00:28.673,1572935498102,-0.132,-0.015,5.964,0.664,3.0,0.008,22.96,0.002,-0.067,500.419,0.107,-0.535
00:00:28.674,1572935498103,-0.13699999999999998,-0.015,5.964,0.664,3.0,0.008,22.958,0.002,-0.067,500.802,0.106,-0.535
00:00:28.723,1572935498152,-0.141,-0.014,5.964,0.664,3.0,0.008,22.955,0.002,-0.067,501.184,0.104,-0.535
00:00:28.724,1572935498153,-0.14400000000000002,-0.014,2.082,0.664,3.0,0.008,22.95300000000001,0.002,-0.067,501.567,0.103,-0.535
00:00:28.725,1572935498154,-0.151,-0.013,2.082,0.664,3.0,0.008,22.95,0.002,-0.067,501.973,0.102,-0.535
00:00:28.773,1572935498202,-0.166,-0.012,2.082,0.664,3.0,0.008,22.947,0.002,-0.068,502.332,0.101,-0.535
00:00:28.774,1572935498203,-0.205,-0.011,2.082,0.664,3.0,0.006999999999999999,22.943,0.002,-0.068,502.714,0.099,-0.535
00:00:28.775,1572935498204,-0.257,-0.01,2.082,0.664,3.0,0.006999999999999999,22.938,0.002,-0.069,503.097,0.098,-0.535
00:00:28.823,1572935498252,-0.284,-0.009000000000000001,2.082,0.664,3.0,0.006999999999999999,22.933000000000003,0.002,-0.07,503.479,0.097,-0.535
00:00:28.824,1572935498253,-0.279,-0.006999999999999999,1.789,0.664,3.0,0.006999999999999999,22.929,0.002,-0.071,503.861,0.096,-0.535
00:00:28.825,1572935498254,-0.268,-0.006,1.789,0.664,3.0,0.006999999999999999,22.924,0.002,-0.07200000000000001,504.267,0.094,-0.535
00:00:28.874,1572935498303,-0.278,-0.005,1.789,0.664,3.0,0.006999999999999999,22.919,0.002,-0.073,504.625,0.093,-0.535
00:00:28.875,1572935498304,-0.281,-0.003,1.789,0.664,3.0,0.006999999999999999,22.915,0.002,-0.07400000000000001,505.007,0.092,-0.535
00:00:28.876,1572935498305,-0.281,-0.002,1.789,0.664,3.0,0.006999999999999999,22.91,0.001,-0.076,505.389,0.091,-0.535
00:00:28.924,1572935498353,-0.281,-0.001,1.789,0.664,3.0,0.006,22.905,0.001,-0.077,505.795,0.08900000000000001,-0.535
00:00:28.925,1572935498354,-0.28,-0.001,1.936,0.664,3.0,0.006,22.901,0.001,-0.078,506.153,0.08800000000000001,-0.535
00:00:28.926,1572935498355,-0.278,0.0,1.936,0.664,3.0,0.006,22.896,0.001,-0.079,506.534,0.087,-0.535
00:00:28.974,1572935498403,-0.277,0.0,1.936,0.664,3.0,0.006,22.891,0.001,-0.081,506.916,0.086,-0.535
00:00:28.975,1572935498404,-0.276,0.001,1.936,0.664,3.0,0.005,22.887,0.001,-0.08199999999999999,507.297,0.084,-0.535
00:00:28.976,1572935498405,-0.276,0.001,1.936,0.664,3.0,0.005,22.882,0.001,-0.083,507.679,0.083,-0.535
00:00:29.025,1572935498454,-0.276,0.001,1.936,0.664,3.0,0.005,22.878,0.001,-0.084,508.06,0.08199999999999999,-0.534
00:00:29.026,1572935498455,-0.274,0.001,2.302,0.664,3.0,0.005,22.873,0.001,-0.085,508.465,0.081,-0.534
00:00:29.027,1572935498456,-0.269,0.002,2.302,0.664,3.0,0.004,22.868,0.0,-0.086,508.846,0.079,-0.534
00:00:29.076,1572935498505,-0.265,0.002,2.302,0.664,3.0,0.004,22.864,0.0,-0.087,509.227,0.078,-0.534
00:00:29.077,1572935498506,-0.263,0.003,2.302,0.664,3.0,0.004,22.86,0.0,-0.08800000000000001,509.585,0.077,-0.534
00:00:29.078,1572935498507,-0.262,0.003,2.302,0.664,3.0,0.004,22.856,0.0,-0.08900000000000001,509.966,0.076,-0.534
00:00:29.127,1572935498556,-0.262,0.003,2.302,0.664,3.0,0.004,22.851,0.0,-0.08900000000000001,510.37,0.07400000000000001,-0.534
00:00:29.128,1572935498557,-0.262,0.004,2.448,0.664,3.0,0.003,22.847,0.0,-0.09,510.727,0.073,-0.534
00:00:29.129,1572935498558,-0.259,0.004,2.448,0.664,3.0,0.003,22.843000000000004,0.0,-0.09,511.108,0.07200000000000001,-0.534
00:00:29.130,1572935498559,-0.258,0.005,2.448,0.664,3.0,0.003,22.838,-0.001,-0.091,511.489,0.071,-0.534
00:00:29.178,1572935498607,-0.257,0.005,2.448,0.664,3.0,0.003,22.834,-0.001,-0.091,511.893,0.07,-0.534
00:00:29.179,1572935498608,-0.257,0.005,2.448,0.664,3.0,0.003,22.829,-0.001,-0.091,512.274,0.068,-0.534
00:00:29.180,1572935498609,-0.257,0.005,2.448,0.664,3.0,0.002,22.825,-0.001,-0.091,512.63,0.067,-0.534
00:00:29.229,1572935498658,-0.256,0.006,2.595,0.664,3.0,0.002,22.821,-0.001,-0.091,513.034,0.066,-0.534
00:00:29.230,1572935498659,-0.254,0.006,2.595,0.664,3.0,0.002,22.817,-0.001,-0.091,513.415,0.065,-0.534
00:00:29.231,1572935498660,-0.252,0.006,2.595,0.664,3.0,0.002,22.813,-0.001,-0.09,513.795,0.063,-0.535
00:00:29.279,1572935498708,-0.252,0.006,2.595,0.664,3.0,0.002,22.809,-0.001,-0.09,514.151,0.062,-0.535
00:00:29.280,1572935498709,-0.251,0.006,2.595,0.664,3.0,0.002,22.804,-0.001,-0.09,514.531,0.061,-0.535
00:00:29.281,1572935498710,-0.251,0.006,2.595,0.664,3.0,0.001,22.8,-0.001,-0.08900000000000001,514.9119999999998,0.06,-0.535
00:00:29.329,1572935498758,-0.251,0.005,2.595,0.664,3.0,0.001,22.796,-0.001,-0.08900000000000001,515.2909999999998,0.059,-0.535
00:00:29.330,1572935498759,-0.251,0.005,2.595,0.664,3.0,0.001,22.792,-0.001,-0.08800000000000001,515.6709999999998,0.057,-0.535
00:00:29.331,1572935498760,-0.251,0.005,2.595,0.664,3.0,0.001,22.788,-0.001,-0.08800000000000001,516.0509999999998,0.056,-0.535
00:00:29.379,1572935498808,-0.251,0.005,2.595,0.664,3.0,0.001,22.784,-0.001,-0.087,516.431,0.055,-0.535
00:00:29.380,1572935498809,-0.251,0.005,2.595,0.664,3.0,0.001,22.779,-0.001,-0.086,516.8340000000002,0.054000000000000006,-0.535
00:00:29.381,1572935498810,-0.251,0.004,2.595,0.664,3.0,0.001,22.775,-0.001,-0.086,517.214,0.052000000000000005,-0.535
00:00:29.430,1572935498859,-0.25,0.004,2.815,0.664,3.0,0.001,22.771,-0.001,-0.085,517.57,0.051,-0.535
00:00:29.431,1572935498860,-0.247,0.004,2.815,0.664,3.0,0.001,22.767,-0.001,-0.085,517.9730000000002,0.05,-0.535
00:00:29.432,1572935498861,-0.244,0.004,2.815,0.664,3.0,0.001,22.763,-0.001,-0.084,518.352,0.049,-0.535
00:00:29.481,1572935498910,-0.243,0.003,2.815,0.664,3.0,0.001,22.759,-0.001,-0.084,518.7080000000002,0.048,-0.535
00:00:29.482,1572935498911,-0.243,0.003,2.815,0.664,3.0,0.001,22.755,-0.001,-0.083,519.111,0.046,-0.535
00:00:29.483,1572935498912,-0.242,0.004,2.815,0.664,3.0,0.0,22.751,-0.001,-0.083,519.49,0.045,-0.535
00:00:29.536,1572935498965,-0.242,0.004,3.254,0.664,3.0,0.0,22.747,-0.001,-0.083,519.869,0.044,-0.535
00:00:29.537,1572935498966,-0.24,0.003,3.254,0.664,3.0,0.0,22.743,-0.001,-0.08199999999999999,520.225,0.043,-0.535
00:00:29.538,1572935498967,-0.235,0.003,3.254,0.664,3.0,0.0,22.739,-0.001,-0.08199999999999999,520.604,0.042,-0.535
00:00:29.586,1572935499015,-0.229,0.003,3.254,0.664,3.0,0.0,22.735,0.0,-0.081,521.006,0.04,-0.535
00:00:29.587,1572935499016,-0.226,0.002,3.254,0.664,3.0,0.0,22.731,0.0,-0.081,521.385,0.039,-0.535
00:00:29.588,1572935499017,-0.224,0.002,3.254,0.664,3.0,0.0,22.728,0.0,-0.081,521.764,0.038,-0.535
00:00:29.636,1572935499065,-0.223,0.002,4.939,0.664,3.0,0.0,22.724,0.0,-0.08,522.119,0.037000000000000005,-0.535
00:00:29.637,1572935499066,-0.221,0.002,4.939,0.664,3.0,0.0,22.72,0.0,-0.08,522.5219999999998,0.036000000000000004,-0.535
00:00:29.638,1572935499067,-0.217,0.001,4.939,0.664,3.0,0.0,22.717,0.0,-0.08,522.9,0.035,-0.535
00:00:29.686,1572935499115,-0.21,0.001,4.939,0.664,3.0,0.0,22.714,0.0,-0.079,523.255,0.033,-0.535
00:00:29.687,1572935499116,-0.201,0.001,4.939,0.664,3.0,0.0,22.71,0.0,-0.079,523.6569999999998,0.032,-0.535
00:00:29.688,1572935499117,-0.192,0.001,4.939,0.664,3.0,0.0,22.707,0.0,-0.078,524.036,0.031,-0.535
00:00:29.737,1572935499166,-0.184,0.001,5.305,0.664,3.0,0.0,22.704,0.0,-0.078,524.414,0.03,-0.535
00:00:29.738,1572935499167,-0.177,0.0,5.305,0.664,3.0,0.0,22.701,0.0,-0.077,524.793,0.029,-0.535
00:00:29.739,1572935499168,-0.172,0.0,5.305,0.664,3.0,0.0,22.698,0.0,-0.077,525.1709999999998,0.027000000000000003,-0.535
00:00:29.788,1572935499217,-0.16699999999999998,0.0,5.305,0.664,3.0,0.0,22.696,0.0,-0.076,525.549,0.026,-0.535
00:00:29.789,1572935499218,-0.163,0.0,5.305,0.664,3.0,0.0,22.693,0.0,-0.075,525.928,0.025,-0.535
00:00:29.790,1572935499219,-0.16,0.0,5.305,0.664,3.0,0.0,22.69,0.0,-0.075,526.306,0.024,-0.535
00:00:29.839,1572935499268,-0.159,0.0,5.4510000000000005,0.664,3.0,0.0,22.688,0.0,-0.07400000000000001,526.684,0.023,-0.535
00:00:29.840,1572935499269,-0.158,0.0,5.4510000000000005,0.664,3.0,0.0,22.685,0.0,-0.073,527.062,0.021,-0.535
00:00:29.841,1572935499270,-0.158,0.0,5.4510000000000005,0.664,3.0,0.0,22.683000000000003,0.0,-0.07200000000000001,527.44,0.02,-0.535
00:00:29.889,1572935499318,-0.157,0.0,5.4510000000000005,0.664,3.0,0.0,22.68,0.0,-0.07200000000000001,527.818,0.019,-0.535
00:00:29.890,1572935499319,-0.156,0.001,5.4510000000000005,0.664,3.0,0.0,22.677,0.0,-0.071,528.196,0.018000000000000002,-0.535
00:00:29.891,1572935499320,-0.156,0.001,5.4510000000000005,0.664,3.0,0.0,22.675,0.0,-0.071,528.479,0.017,-0.535
00:00:29.942,1572935499371,-0.156,0.001,4.939,0.664,3.0,0.0,22.673,0.0,-0.07,528.857,0.016,-0.535
00:00:29.943,1572935499372,-0.156,0.001,4.939,0.664,3.0,0.0,22.67,0.0,-0.069,529.235,0.015,-0.535
00:00:29.944,1572935499373,-0.157,0.001,4.939,0.664,3.0,0.0,22.66800000000001,0.0,-0.069,529.613,0.013,-0.535
00:00:29.991,1572935499420,-0.16,0.001,4.939,0.664,3.0,0.0,22.665,0.0,-0.069,529.967,0.012,-0.534
00:00:29.992,1572935499421,-0.163,0.001,4.939,0.664,3.0,0.0,22.662,0.0,-0.068,530.369,0.011,-0.534
00:00:29.993,1572935499422,-0.16699999999999998,0.002,4.939,0.664,3.0,0.0,22.659,0.0,-0.068,530.746,0.01,-0.534
